,elevation,aspect,slope,horizontal_distance_to_hydrology,Vertical_Distance_To_Hydrology,Horizontal_Distance_To_Roadways,Hillshade_9am,Hillshade_Noon,Hillshade_3pm,Horizontal_Distance_To_Fire_Points,class
32771,2818,61,13,335,17,1889,230,212,112,2670,Spruce_Fir
98322,2951,49,13,60,19,2014,225,211,117,2724,Lodgepole_Pine
65557,2820,77,9,210,29,2662,232,223,122,2471,Lodgepole_Pine
32792,2969,36,14,256,75,2131,218,208,123,2410,Lodgepole_Pine
65560,2815,70,14,450,51,1842,235,212,106,1819,Lodgepole_Pine
65564,2975,85,10,319,16,3544,235,222,118,1068,Lodgepole_Pine
32801,2836,95,11,210,45,2171,238,223,114,1819,Lodgepole_Pine
32803,2689,86,12,242,76,2407,238,219,110,2430,Lodgepole_Pine
32833,2910,134,14,242,63,1680,241,233,118,2213,Lodgepole_Pine
65619,2864,37,16,277,14,1935,218,204,118,1689,Lodgepole_Pine
92,2846,112,10,212,25,2558,238,229,121,2831,Lodgepole_Pine
65632,2947,311,15,95,38,2070,179,228,189,2248,Lodgepole_Pine
96,2961,102,6,228,65,3390,230,233,137,1657,Lodgepole_Pine
98,2999,31,13,306,47,1221,216,212,129,2356,Spruce_Fir
65639,3230,83,11,300,34,1771,236,220,114,2539,Spruce_Fir
32872,2929,333,15,170,30,3348,184,220,174,1742,Lodgepole_Pine
98410,2977,100,11,283,75,2003,238,226,118,1103,Lodgepole_Pine
98413,3086,66,9,201,27,1956,229,223,127,3472,Spruce_Fir
32880,2808,24,11,240,51,1648,214,215,136,1341,Spruce_Fir
126,2784,43,8,242,28,1940,222,222,136,1897,Lodgepole_Pine
98433,3060,4,11,175,37,2343,206,220,151,1842,Lodgepole_Pine
65677,2875,124,10,277,39,2568,238,233,125,2550,Lodgepole_Pine
141,3101,58,6,335,26,1907,224,228,138,2195,Lodgepole_Pine
98447,2844,59,11,190,4,1226,228,217,120,2367,Lodgepole_Pine
32915,3104,320,13,175,29,2096,187,228,181,2353,Lodgepole_Pine
32929,2799,23,12,330,44,1761,213,215,137,1191,Lodgepole_Pine
32930,3003,89,12,120,18,2117,239,220,109,1390,Lodgepole_Pine
32931,2946,113,12,319,73,1694,240,228,117,2860,Lodgepole_Pine
98465,2650,31,13,216,37,1939,216,212,129,2201,Douglas_fir
65704,2860,22,8,277,69,2341,215,222,144,2779,Lodgepole_Pine
98474,3114,51,9,335,33,1454,225,220,128,2818,Spruce_Fir
98483,2915,41,15,330,26,2389,221,206,117,1434,Spruce_Fir
98495,2965,326,14,228,52,1590,185,224,178,792,Lodgepole_Pine
98496,2943,305,13,228,28,2888,183,232,189,1492,Lodgepole_Pine
32959,3163,38,11,268,45,2707,220,216,130,1113,Spruce_Fir
98513,2904,33,10,467,38,2997,218,219,136,2138,Lodgepole_Pine
32988,2897,65,10,366,51,1842,230,221,123,2888,Lodgepole_Pine
32992,2812,81,10,309,78,1208,234,222,118,2696,Lodgepole_Pine
98528,2957,64,10,408,81,3782,230,219,122,2505,Lodgepole_Pine
228,2768,51,13,182,27,1632,226,212,118,1253,Krummholz
98532,3021,32,7,192,34,1140,219,224,142,2039,Spruce_Fir
231,3052,113,9,451,80,2478,236,231,126,2274,Spruce_Fir
33000,3116,288,11,247,32,1383,189,239,190,1931,Cottonwood_Willow
33005,2925,87,9,446,48,3121,234,225,123,1935,Lodgepole_Pine
237,3083,55,12,360,8,1890,227,215,119,1148,Spruce_Fir
98552,2870,60,9,120,5,1722,227,221,127,2372,Lodgepole_Pine
65787,2859,20,8,384,56,2190,215,224,145,1926,Lodgepole_Pine
33020,2908,23,13,85,21,1978,212,213,135,1443,Lodgepole_Pine
33025,2856,114,9,255,49,1292,236,231,125,3081,Lodgepole_Pine
259,2687,81,11,268,74,2418,235,221,117,2370,Lodgepole_Pine
65801,2900,36,10,175,16,1559,219,217,132,2416,Lodgepole_Pine
65806,2959,45,10,408,78,1999,223,218,129,2572,Lodgepole_Pine
274,3126,162,12,150,17,2230,232,243,141,2406,Aspen
98579,2739,91,12,180,33,2525,238,221,111,2151,Lodgepole_Pine
276,2917,315,13,120,36,1892,186,229,183,1130,Douglas_fir
277,2768,143,11,162,26,1710,236,238,130,2245,Aspen
98585,2906,105,15,127,28,1510,244,221,103,2685,Lodgepole_Pine
288,2866,90,13,150,23,1920,240,219,107,2479,Lodgepole_Pine
291,2938,110,12,234,68,2890,240,227,115,1765,Lodgepole_Pine
65830,3097,82,5,247,20,2341,227,231,138,2171,Cottonwood_Willow
33065,2925,305,15,234,67,2766,177,231,193,2224,Spruce_Fir
300,2926,104,12,309,77,2656,240,225,114,1989,Lodgepole_Pine
33076,2874,58,15,319,26,1566,230,207,107,1022,Lodgepole_Pine
65845,2997,123,13,481,50,2697,241,230,116,2563,Lodgepole_Pine
65853,2871,137,11,150,11,3046,237,236,129,2652,Lodgepole_Pine
65867,3173,33,13,240,45,1630,217,210,126,1914,Lodgepole_Pine
65874,2706,71,13,408,79,2469,234,214,110,2307,Lodgepole_Pine
33107,3019,102,13,297,77,2287,241,223,110,859,Lodgepole_Pine
347,2820,56,7,335,58,1852,225,225,134,2799,Lodgepole_Pine
349,3190,139,16,258,49,2400,242,233,115,1471,Spruce_Fir
65886,2930,63,14,60,10,2040,232,211,109,2068,Spruce_Fir
65887,3060,149,18,228,38,1692,241,236,117,2268,Spruce_Fir
98656,2791,128,15,234,41,2477,244,229,110,2529,Lodgepole_Pine
33123,2749,166,13,268,47,1890,230,244,143,1142,Lodgepole_Pine
65894,2920,75,11,127,10,2210,233,220,117,2293,Lodgepole_Pine
98663,3081,75,12,190,33,1958,234,217,113,3501,Spruce_Fir
65904,2975,58,13,474,37,2298,229,211,113,2697,Spruce_Fir
98688,3151,15,10,330,51,2577,211,219,144,1581,Cottonwood_Willow
65928,2932,179,9,313,46,1908,224,246,154,1832,Spruce_Fir
65937,2755,110,11,162,25,2558,239,228,118,2106,Aspen
33169,2866,89,14,127,25,2890,240,217,104,2673,Lodgepole_Pine
414,3017,342,13,300,7,2953,193,221,166,1320,Spruce_Fir
98720,3164,63,12,242,31,2991,230,216,117,2908,Lodgepole_Pine
33187,2723,53,9,150,34,1679,226,220,128,1654,Lodgepole_Pine
98742,2719,14,12,285,48,2323,209,216,143,1988,Douglas_fir
65985,2951,129,10,268,34,698,237,234,126,2316,Lodgepole_Pine
98772,3009,73,13,120,29,1173,235,215,110,2125,Spruce_Fir
66007,2992,62,13,309,9,2352,230,214,114,2560,Lodgepole_Pine
478,2826,127,10,330,91,1652,237,234,127,2581,Lodgepole_Pine
98785,2976,303,11,301,61,2901,189,235,186,1461,Lodgepole_Pine
98789,2959,73,10,258,22,4078,232,221,121,2130,Spruce_Fir
33255,2950,100,14,240,67,2223,243,219,102,1661,Lodgepole_Pine
500,2933,65,13,90,11,1878,232,214,112,2335,Lodgepole_Pine
66037,2845,116,11,124,21,2376,240,229,118,2315,Lodgepole_Pine
66038,2941,29,15,256,57,1786,214,207,125,2766,Lodgepole_Pine
98804,2999,59,14,228,5,1044,230,210,110,1608,Spruce_Fir
33274,3117,69,10,90,17,2337,231,221,122,1758,Spruce_Fir
98816,2978,72,8,268,41,3740,230,224,127,2244,Lodgepole_Pine
523,2997,284,12,212,24,2292,187,240,192,972,Lodgepole_Pine
66059,2938,170,16,331,92,2247,230,245,141,1369,Lodgepole_Pine
66065,2822,54,14,162,53,2534,228,209,111,2888,Lodgepole_Pine
33298,3004,315,11,210,3,3104,192,231,180,1296,Spruce_Fir
66070,2950,29,12,466,81,2248,216,213,132,2101,Lodgepole_Pine
98839,2865,38,11,175,29,2287,220,216,130,1237,Spruce_Fir
538,3155,87,9,212,39,2252,233,226,125,3042,Spruce_Fir
66075,3032,285,11,182,40,2630,188,240,192,864,Spruce_Fir
66084,2957,334,14,350,51,3171,187,221,172,1592,Spruce_Fir
33326,3044,292,8,228,58,2565,197,239,182,930,Spruce_Fir
33334,3085,43,12,124,0,2257,222,213,124,1406,Spruce_Fir
567,2820,347,14,256,33,2620,193,217,162,1798,Lodgepole_Pine
33335,2885,108,5,192,37,2737,229,234,138,2372,Lodgepole_Pine
98890,2848,124,11,201,37,1369,238,232,124,3068,Lodgepole_Pine
33359,3116,121,10,300,-1,2429,237,232,126,2388,Lodgepole_Pine
98898,3045,130,8,228,24,1943,233,236,135,1543,Spruce_Fir
33381,2962,23,13,212,23,1811,212,211,134,2614,Douglas_fir
98921,3126,34,14,134,16,1800,217,208,123,2638,Spruce_Fir
33389,3034,41,10,376,-6,2542,222,217,130,2657,Lodgepole_Pine
33391,2826,48,14,277,80,1325,224,209,116,2713,Lodgepole_Pine
625,2775,61,7,190,19,1986,226,225,133,1681,Lodgepole_Pine
33401,2862,37,10,277,40,1740,220,219,133,2766,Lodgepole_Pine
633,2898,279,12,255,63,2978,186,242,195,2147,Lodgepole_Pine
33408,2795,101,8,124,22,2171,233,230,129,2750,Lodgepole_Pine
33413,2853,104,14,240,52,3020,242,222,107,2218,Lodgepole_Pine
33416,2991,312,14,108,38,2105,182,229,187,1065,Krummholz
651,2875,99,9,180,15,3060,235,228,125,2632,Lodgepole_Pine
662,2956,79,8,162,17,2343,231,226,128,2131,Spruce_Fir
98968,2748,50,11,190,25,2663,225,215,123,2182,Lodgepole_Pine
33435,2880,173,14,190,32,2313,228,246,147,2271,Lodgepole_Pine
98971,2775,78,7,218,19,2014,229,228,132,1674,Lodgepole_Pine
98979,2860,28,13,330,18,2550,215,212,131,983,Spruce_Fir
33445,3000,308,14,342,68,2955,180,230,190,1312,Lodgepole_Pine
98982,2903,63,7,170,10,1689,226,226,134,2068,Lodgepole_Pine
98983,2885,116,10,277,-5,1909,238,230,122,1387,Aspen
98985,3042,130,12,424,70,2452,239,233,123,2315,Spruce_Fir
98987,2867,136,15,170,34,2821,242,233,117,2228,Lodgepole_Pine
33454,2934,144,12,240,31,3141,237,237,128,1498,Lodgepole_Pine
98997,3007,98,13,255,6,2711,241,221,107,1559,Cottonwood_Willow
66238,2902,102,10,210,-6,1524,237,227,120,1565,Lodgepole_Pine
66241,3104,57,8,324,27,1947,226,223,132,2178,Lodgepole_Pine
99009,2751,45,12,124,21,2352,223,214,123,2296,Ponderosa_Pine
66249,2828,308,16,258,57,2554,176,229,193,1798,Lodgepole_Pine
721,2960,113,14,258,72,2289,244,224,107,2003,Lodgepole_Pine
99044,2842,42,12,295,5,1120,222,214,126,2363,Lodgepole_Pine
746,2824,60,9,150,26,1911,227,221,127,1772,Lodgepole_Pine
99050,3104,96,10,108,6,2180,236,226,121,2372,Douglas_fir
99055,3079,54,8,350,71,1611,225,223,131,2236,Lodgepole_Pine
752,2841,151,12,234,39,1110,235,240,133,2010,Spruce_Fir
754,2910,124,17,175,47,2812,246,226,102,1868,Lodgepole_Pine
99062,3018,311,9,256,47,2416,196,234,177,1091,Lodgepole_Pine
66306,2862,90,6,424,68,2131,229,231,136,1648,Lodgepole_Pine
33539,2887,78,10,268,55,2447,234,221,118,2205,Lodgepole_Pine
33558,2773,27,13,170,35,1591,214,211,130,2894,Lodgepole_Pine
99095,3153,69,10,350,21,2241,231,221,122,2389,Spruce_Fir
33562,2779,146,13,324,29,2382,237,238,129,2611,Lodgepole_Pine
798,3025,36,12,390,65,1315,219,212,127,2445,Lodgepole_Pine
806,2983,43,10,376,9,2335,222,218,130,2466,Lodgepole_Pine
33576,2973,20,8,256,19,2469,215,224,145,1385,Spruce_Fir
33578,2994,171,13,270,15,1667,229,245,146,1187,Lodgepole_Pine
829,2774,52,11,270,44,2616,226,217,124,2028,Lodgepole_Pine
66365,2823,58,14,319,8,1890,230,209,109,2576,Spruce_Fir
838,2852,58,12,365,60,2081,228,215,117,2806,Lodgepole_Pine
66391,2828,76,16,212,25,2611,238,209,97,1825,Lodgepole_Pine
33628,3054,91,10,218,26,2052,235,225,120,1436,Douglas_fir
33635,2895,11,14,218,40,2730,204,211,142,2646,Lodgepole_Pine
882,2989,283,13,234,24,2321,183,240,197,942,Lodgepole_Pine
66422,3141,29,12,408,65,1926,216,214,133,2525,Aspen
99191,2823,37,7,240,68,2183,220,224,139,1132,Lodgepole_Pine
902,3012,80,14,268,40,1057,238,215,105,2614,Lodgepole_Pine
33676,2862,36,11,277,43,1711,219,216,131,2773,Lodgepole_Pine
920,3104,55,8,268,27,1950,225,223,132,2128,Lodgepole_Pine
33697,3009,325,13,192,55,2143,186,225,178,1113,Lodgepole_Pine
33708,2966,31,11,258,28,4084,217,215,132,1741,Ponderosa_Pine
33717,2871,113,15,108,29,2550,245,223,103,2162,Lodgepole_Pine
950,2944,344,12,234,48,3338,195,220,164,1761,Lodgepole_Pine
99262,2864,26,12,277,45,1660,214,213,133,2754,Krummholz
66513,2966,239,11,192,56,2585,200,249,186,2033,Lodgepole_Pine
33754,2833,53,9,228,-1,1182,226,221,129,2423,Lodgepole_Pine
33759,2855,33,13,362,78,1477,217,210,126,2758,Lodgepole_Pine
66547,2955,110,6,242,57,3468,231,233,135,1621,Lodgepole_Pine
1019,2924,80,9,190,51,1962,233,223,122,2239,Lodgepole_Pine
66568,3039,79,6,277,51,2251,228,229,135,2646,Spruce_Fir
99345,2784,53,12,339,5,1761,227,214,119,1579,Lodgepole_Pine
33814,2975,43,11,268,-1,892,222,216,127,1622,Spruce_Fir
1047,3057,96,9,234,26,3848,234,228,125,2520,Lodgepole_Pine
66585,2819,33,14,150,15,1742,216,209,125,1624,Lodgepole_Pine
1051,2877,110,12,446,66,1693,240,227,115,2881,Lodgepole_Pine
66591,2845,141,14,175,29,3350,240,236,123,1724,Lodgepole_Pine
33846,2851,91,11,108,8,3087,237,223,117,2456,Spruce_Fir
33861,3039,50,16,175,20,3236,225,205,109,1595,Spruce_Fir
1106,3012,73,13,268,79,2087,235,213,107,2362,Spruce_Fir
33880,2959,63,6,300,20,2460,226,227,135,2250,Lodgepole_Pine
66650,2990,341,14,134,50,1874,191,219,167,1200,Spruce_Fir
1126,2930,18,10,400,76,2953,213,220,143,2434,Lodgepole_Pine
33904,2839,69,12,420,37,960,233,216,113,2310,Lodgepole_Pine
66679,3130,151,12,150,21,2287,235,240,134,2455,Spruce_Fir
1154,2984,51,10,335,10,2322,225,219,127,2501,Lodgepole_Pine
66691,2813,45,8,170,24,1753,222,223,136,2536,Spruce_Fir
1161,3045,36,8,192,19,2842,220,221,137,1130,Spruce_Fir
99477,2971,297,10,300,75,2856,192,237,184,2096,Lodgepole_Pine
99488,2885,53,9,339,59,819,226,221,129,1495,Aspen
66721,2859,100,11,212,68,2337,238,225,116,2800,Spruce_Fir
33965,2884,74,12,335,36,2828,235,216,111,2646,Lodgepole_Pine
99508,3050,295,9,331,51,2685,195,238,182,1906,Lodgepole_Pine
1206,2946,62,11,384,82,2695,230,216,118,1932,Lodgepole_Pine
66743,3134,165,14,201,36,2154,232,244,140,2394,Lodgepole_Pine
33975,2922,126,16,255,56,3594,245,227,105,2674,Lodgepole_Pine
66746,2821,85,15,384,51,1932,241,212,97,2846,Lodgepole_Pine
1215,2862,121,13,150,29,2804,242,228,113,2250,Lodgepole_Pine
1219,3037,329,13,201,49,2584,187,223,175,1895,Lodgepole_Pine
66764,2828,75,9,108,28,2380,232,223,123,2912,Lodgepole_Pine
34001,2955,297,11,285,40,2922,189,237,187,1544,Lodgepole_Pine
34004,3017,331,12,216,19,1981,192,225,172,752,Lodgepole_Pine
34006,2860,84,13,277,59,2954,238,217,107,2389,Lodgepole_Pine
99553,2904,85,6,190,7,2195,228,230,136,2419,Lodgepole_Pine
34019,3051,83,6,218,29,1909,229,230,135,1594,Spruce_Fir
34025,2893,31,11,319,48,2469,217,217,134,1208,Spruce_Fir
99562,2853,71,13,108,18,1289,234,214,110,1706,Lodgepole_Pine
99568,2808,63,13,402,-1,1803,231,214,113,2295,Spruce_Fir
66805,3050,101,9,234,23,2016,235,228,124,1471,Spruce_Fir
1279,2855,102,10,255,11,2973,237,227,120,2746,Lodgepole_Pine
66816,2957,82,13,120,3,1884,237,218,109,1376,Lodgepole_Pine
1283,2932,22,9,255,55,3137,215,221,143,1819,Lodgepole_Pine
66821,3072,273,9,382,59,2571,195,243,187,1920,Lodgepole_Pine
1290,2843,88,12,95,19,2424,238,220,112,2285,Lodgepole_Pine
34061,3050,57,11,268,6,3457,228,216,120,2850,Spruce_Fir
99598,3014,176,15,300,63,2429,226,247,149,2859,Lodgepole_Pine
34070,2942,112,10,295,49,3477,238,229,121,2219,Lodgepole_Pine
99620,2920,77,13,190,21,1103,236,216,108,2278,Lodgepole_Pine
1321,2884,340,15,295,54,2522,186,216,168,2391,Lodgepole_Pine
34091,2932,312,13,300,51,890,184,230,186,1981,Lodgepole_Pine
66861,2922,42,14,361,73,2611,222,209,119,2023,Lodgepole_Pine
34094,3032,63,11,192,33,3027,230,218,120,1507,Lodgepole_Pine
66874,3019,358,11,212,41,2372,202,219,154,2012,Lodgepole_Pine
1370,2858,113,9,300,70,1507,236,231,126,1461,Lodgepole_Pine
99684,3037,52,14,242,49,2222,226,210,114,2688,Spruce_Fir
34148,2996,131,11,379,85,2475,238,234,126,1782,Lodgepole_Pine
66916,2903,135,15,162,40,1641,242,232,115,1332,Lodgepole_Pine
99689,3100,63,14,216,14,3180,232,211,109,3149,Spruce_Fir
99691,2856,305,13,108,26,2513,182,232,190,2281,Lodgepole_Pine
66923,2835,120,7,335,51,1999,232,235,136,1383,Lodgepole_Pine
66930,3130,58,12,124,12,2613,228,214,117,1213,Spruce_Fir
66933,2781,153,10,361,8,1980,232,241,140,2313,Lodgepole_Pine
99709,2789,109,11,342,43,3042,239,228,119,2496,Lodgepole_Pine
34176,2760,143,10,212,4,2191,234,238,134,1430,Lodgepole_Pine
66948,3135,41,9,242,38,1967,221,221,134,1678,Spruce_Fir
34189,2967,36,11,384,14,845,219,216,131,1998,Lodgepole_Pine
1429,3091,67,9,212,14,2352,229,222,125,2148,Spruce_Fir
66966,3049,255,11,234,39,1666,194,247,192,1510,Spruce_Fir
1430,2887,18,12,134,8,1981,211,215,139,1964,Lodgepole_Pine
99739,3055,1,12,162,44,1830,203,218,152,1516,Spruce_Fir
99746,2815,159,12,120,31,3048,233,242,138,2520,Lodgepole_Pine
1445,3041,77,10,247,-2,3494,233,221,119,2809,Spruce_Fir
1455,3125,43,10,268,25,2388,222,218,130,1544,Spruce_Fir
99765,2915,21,12,180,31,1679,212,214,138,2750,Douglas_fir
99769,2907,309,13,210,43,1974,183,231,188,964,Lodgepole_Pine
34234,3109,310,11,331,52,1307,190,233,183,1368,Spruce_Fir
1469,2953,73,7,339,48,3519,229,226,131,1651,Lodgepole_Pine
67012,2829,36,8,162,29,1783,220,221,137,2568,Lodgepole_Pine
34254,3013,77,9,134,33,1142,232,223,122,2073,Spruce_Fir
99791,2970,327,13,306,-6,1841,188,225,176,1760,Lodgepole_Pine
34261,2934,77,9,108,7,2242,232,224,125,2197,Spruce_Fir
67029,2991,32,9,120,6,2730,218,221,139,1608,Lodgepole_Pine
99802,2945,106,14,180,52,1958,243,223,107,1604,Spruce_Fir
99806,2781,65,13,270,20,1443,232,212,110,1050,Lodgepole_Pine
99808,2822,20,10,120,22,1836,214,220,142,2531,Lodgepole_Pine
1505,3031,74,10,247,33,1130,233,220,119,2866,Lodgepole_Pine
34275,2919,319,14,210,16,2748,182,226,183,2230,Spruce_Fir
34279,2923,33,12,256,28,787,218,214,131,1631,Lodgepole_Pine
34283,2791,130,11,256,8,1958,238,234,125,1064,Lodgepole_Pine
67054,3086,34,9,360,85,2077,219,221,137,2750,Spruce_Fir
1525,2957,32,11,216,27,702,218,217,134,2255,Krummholz
34303,3139,89,11,180,30,2970,237,222,115,3287,Spruce_Fir
99842,2841,140,12,85,22,2694,238,236,127,2086,Lodgepole_Pine
99845,2863,73,11,268,43,805,233,220,118,2661,Lodgepole_Pine
1544,2989,107,16,335,91,2419,245,220,99,1846,Lodgepole_Pine
34322,3007,312,12,182,6,3115,186,231,184,1266,Spruce_Fir
1591,3174,28,9,324,15,2416,217,220,138,2385,Spruce_Fir
99913,2788,27,10,170,9,1866,216,219,139,1499,Lodgepole_Pine
1613,3026,76,10,85,12,2995,232,222,121,1436,Spruce_Fir
1637,3017,297,13,175,34,2888,184,236,192,824,Lodgepole_Pine
67193,3052,37,12,390,55,2777,219,212,126,858,Krummholz
67195,3008,13,10,150,26,2184,210,219,145,1087,Spruce_Fir
99977,3135,41,9,242,38,1967,221,221,134,1678,Spruce_Fir
1674,2786,73,16,365,56,2724,237,209,99,1920,Lodgepole_Pine
67211,2901,33,12,150,19,2927,218,214,131,2263,Spruce_Fir
34443,3005,127,18,330,58,2509,247,225,100,2739,Lodgepole_Pine
99985,2956,31,12,402,3,2103,216,213,130,2992,Spruce_Fir
34473,2914,98,5,270,30,3373,228,233,138,2192,Lodgepole_Pine
34482,2948,139,11,216,46,3310,236,237,130,1825,Lodgepole_Pine
34489,2763,85,6,218,33,2605,228,230,136,2053,Ponderosa_Pine
34491,2940,140,11,300,37,3077,236,237,130,1556,Lodgepole_Pine
67259,2731,42,13,384,46,1415,222,210,121,2890,Lodgepole_Pine
1733,2957,64,10,408,81,3782,230,219,122,2505,Lodgepole_Pine
34504,2760,80,11,120,10,1542,234,221,118,2016,Lodgepole_Pine
34506,3013,112,11,300,88,1358,239,228,118,1621,Lodgepole_Pine
1739,3038,324,15,150,31,2700,180,223,182,2308,Spruce_Fir
34509,3080,35,11,247,11,1406,219,215,130,2970,Spruce_Fir
100049,2895,131,9,210,14,2433,235,235,132,2408,Lodgepole_Pine
1753,2905,110,12,467,39,1761,240,227,115,2701,Lodgepole_Pine
34524,3016,304,14,175,21,2415,182,233,191,1350,Lodgepole_Pine
67296,3048,337,14,153,46,2656,189,221,170,1661,Spruce_Fir
67297,3030,100,14,424,85,2809,242,220,105,1597,Lodgepole_Pine
1767,2857,45,8,324,8,3000,223,223,135,2442,Lodgepole_Pine
67310,2861,25,11,258,83,1999,215,216,137,2818,Lodgepole_Pine
67311,3079,315,15,228,55,2856,179,227,187,700,Spruce_Fir
67317,2814,5,9,201,48,1829,209,223,152,1884,Lodgepole_Pine
67319,2778,127,12,175,54,2876,240,232,120,2535,Lodgepole_Pine
34557,2899,23,10,150,19,1831,214,219,140,2242,Lodgepole_Pine
34558,2885,82,8,306,53,2048,232,225,126,2364,Lodgepole_Pine
1795,2877,161,9,390,28,2860,230,242,144,2656,Lodgepole_Pine
34564,2891,86,8,218,10,2042,232,227,129,2866,Lodgepole_Pine
1806,2969,48,11,313,49,1800,224,215,123,1826,Lodgepole_Pine
1810,3088,155,13,228,33,1929,235,241,133,1804,Lodgepole_Pine
1811,3027,319,14,175,24,2068,183,226,183,1230,Spruce_Fir
34613,3130,317,11,258,14,2142,191,231,179,2490,Lodgepole_Pine
1849,2886,306,10,180,48,1772,191,234,183,1320,Lodgepole_Pine
67387,3051,50,11,170,20,2802,225,216,124,1050,Spruce_Fir
1854,2836,66,10,192,25,2451,230,220,122,2758,Lodgepole_Pine
100162,3035,311,9,150,33,2387,195,234,179,1684,Spruce_Fir
34629,3115,38,6,228,25,2056,220,227,143,2068,Lodgepole_Pine
67404,3017,90,9,192,19,2936,233,227,125,1848,Lodgepole_Pine
1875,2829,113,7,134,28,2818,233,233,132,2414,Lodgepole_Pine
100193,2979,302,12,330,64,2896,186,234,188,1532,Lodgepole_Pine
100203,3038,78,14,255,70,1290,237,213,104,1179,Lodgepole_Pine
67438,2816,78,14,339,52,1786,237,213,104,1930,Lodgepole_Pine
100209,2821,312,13,150,36,1978,185,230,185,1991,Lodgepole_Pine
1908,2982,8,14,212,17,2363,202,211,144,2107,Spruce_Fir
100220,2799,45,15,162,22,1638,223,207,115,2557,Lodgepole_Pine
67453,2984,78,10,170,31,819,233,222,120,2018,Lodgepole_Pine
34684,3025,7,9,218,55,2022,209,222,150,1259,Lodgepole_Pine
34690,3022,24,12,300,53,2263,213,214,135,2135,Spruce_Fir
67465,2962,83,13,175,21,1800,238,216,106,1053,Lodgepole_Pine
67471,3060,245,12,277,50,1630,194,249,192,1507,Spruce_Fir
1936,2983,314,15,277,51,2992,178,227,188,1295,Lodgepole_Pine
100258,3136,23,7,240,31,2160,216,225,145,2177,Spruce_Fir
1967,2945,59,10,272,50,1991,228,219,124,3046,Lodgepole_Pine
1978,3180,81,15,258,36,3076,239,212,99,2906,Lodgepole_Pine
1979,2814,105,11,285,23,2793,240,226,115,2512,Lodgepole_Pine
67527,2899,80,10,124,8,3523,234,223,120,1777,Lodgepole_Pine
34764,2974,108,11,361,76,1560,239,227,118,1842,Lodgepole_Pine
34765,3099,161,11,234,33,1766,232,243,141,2143,Lodgepole_Pine
100321,2917,35,10,150,25,1716,219,218,134,2617,Lodgepole_Pine
100325,3054,71,12,319,17,3829,233,216,113,2506,Krummholz
67560,2907,25,11,420,38,2136,215,217,138,1783,Lodgepole_Pine
67568,2954,108,15,153,36,2400,245,221,101,1832,Lodgepole_Pine
100342,3032,87,12,256,14,1795,238,220,111,1698,Spruce_Fir
2041,2783,108,12,192,53,3005,240,226,115,2697,Ponderosa_Pine
100350,2820,127,11,124,6,2096,239,232,122,2264,Aspen
2048,2924,151,11,379,35,2616,234,240,135,2347,Lodgepole_Pine
67584,3077,104,14,190,60,1410,242,222,107,1194,Spruce_Fir
2061,3165,75,12,228,32,3012,234,217,113,2929,Lodgepole_Pine
67636,2990,86,11,201,24,964,236,221,115,2542,Lodgepole_Pine
100404,2951,90,10,120,18,1113,236,224,118,2307,Lodgepole_Pine
2109,2997,166,18,331,60,2580,232,243,135,937,Spruce_Fir
67655,2798,38,14,306,42,1997,219,209,122,1945,Lodgepole_Pine
2123,2908,3,13,258,56,2836,202,215,149,2463,Lodgepole_Pine
2124,2881,71,16,309,58,2658,236,208,99,2984,Lodgepole_Pine
67669,2858,56,11,300,39,1642,227,218,123,2732,Lodgepole_Pine
100443,2769,159,18,319,39,2430,236,240,127,2205,Ponderosa_Pine
67677,3005,67,13,150,-9,1641,233,213,110,1894,Lodgepole_Pine
2149,2864,7,14,247,54,2669,202,212,145,1747,Lodgepole_Pine
100456,2851,42,12,242,35,3314,222,213,125,2940,Lodgepole_Pine
100468,3027,79,6,228,47,1167,228,229,135,2362,Cottonwood_Willow
2171,2766,148,14,361,86,1921,238,238,128,2154,Lodgepole_Pine
34952,2947,105,14,268,17,3577,243,222,106,2161,Lodgepole_Pine
100504,3223,121,11,255,42,1776,239,231,120,1406,Spruce_Fir
34977,3053,51,12,190,52,2170,226,213,119,2821,Spruce_Fir
100525,3223,40,12,255,23,2291,221,214,126,1610,Spruce_Fir
2225,2711,16,11,309,33,2340,211,217,142,1801,Douglas_fir
2228,2796,106,15,234,34,3141,244,221,102,2491,Lodgepole_Pine
100535,2897,172,12,270,16,2491,228,245,148,2324,Lodgepole_Pine
67768,2994,90,7,277,37,930,231,229,132,2439,Lodgepole_Pine
100555,2906,135,5,242,26,2218,229,238,143,2478,Lodgepole_Pine
2262,2828,95,11,127,15,2467,238,224,116,2714,Krummholz
2266,3027,54,11,175,28,2998,226,216,122,1533,Lodgepole_Pine
35042,2991,71,9,300,68,3560,230,223,126,2002,Lodgepole_Pine
35046,2830,102,13,150,19,2447,241,223,110,2721,Lodgepole_Pine
100586,2949,163,8,258,47,3394,228,242,147,1758,Lodgepole_Pine
35051,3005,160,19,134,32,2802,236,240,127,1572,Lodgepole_Pine
35056,3163,78,6,313,59,2934,227,230,137,1574,Spruce_Fir
35057,2758,55,11,134,33,1189,227,216,121,2506,Lodgepole_Pine
67829,3049,14,10,192,28,2760,211,220,145,1158,Lodgepole_Pine
35062,2772,87,9,247,23,1962,233,226,125,2391,Lodgepole_Pine
67831,2855,96,12,362,50,2151,239,223,113,2742,Lodgepole_Pine
100601,2879,127,14,255,17,3130,243,230,112,2187,Lodgepole_Pine
35065,2821,33,11,124,21,1819,218,216,133,2527,Lodgepole_Pine
100607,3083,43,9,210,13,1416,222,221,134,2992,Spruce_Fir
2309,3091,157,13,256,36,1958,234,241,136,1782,Lodgepole_Pine
67846,3164,306,13,390,64,2672,184,232,188,1584,Spruce_Fir
35083,3035,47,10,162,33,1057,224,218,128,2781,Lodgepole_Pine
100623,2951,143,10,127,16,1277,234,238,134,2192,Lodgepole_Pine
2325,2915,87,14,120,27,3133,240,215,102,2024,Lodgepole_Pine
100631,2785,113,13,210,50,1581,241,227,113,2521,Lodgepole_Pine
67866,2906,71,9,190,21,1597,231,222,124,994,Lodgepole_Pine
2333,2978,48,14,182,18,2130,224,209,116,949,Lodgepole_Pine
67873,3060,11,11,150,19,1894,209,218,146,1717,Lodgepole_Pine
100642,2907,72,12,85,10,2074,233,217,114,2137,Spruce_Fir
35110,2849,65,10,474,76,2401,230,221,123,2678,Lodgepole_Pine
2353,3109,66,11,319,50,713,231,217,117,1489,Lodgepole_Pine
35121,2802,130,8,283,51,1775,233,236,135,3055,Spruce_Fir
67893,2796,106,15,234,34,3141,244,221,102,2491,Lodgepole_Pine
100666,2888,76,9,134,41,2803,232,223,124,2297,Lodgepole_Pine
35134,3203,64,12,210,38,3270,231,215,114,2241,Spruce_Fir
35138,2994,102,11,331,56,2331,239,225,116,2536,Lodgepole_Pine
2375,3010,311,10,400,33,1315,193,233,180,1621,Lodgepole_Pine
2382,3119,131,9,283,38,1338,235,235,132,2750,Spruce_Fir
35154,2855,137,8,301,54,2758,232,237,137,2583,Lodgepole_Pine
100691,2761,17,12,240,61,2377,210,214,140,2338,Lodgepole_Pine
2390,2975,91,13,258,66,3634,240,218,106,2819,Lodgepole_Pine
67926,2907,107,16,190,52,1595,246,219,97,1398,Lodgepole_Pine
35168,2884,65,13,247,80,2259,232,212,110,2163,Spruce_Fir
67937,3096,72,10,277,37,693,232,221,120,1518,Lodgepole_Pine
35179,3133,15,11,295,21,1803,210,217,143,2821,Spruce_Fir
2424,3104,55,8,268,27,1950,225,223,132,2128,Lodgepole_Pine
100729,2863,39,10,351,65,2591,221,219,132,3226,Lodgepole_Pine
35201,3132,61,10,268,4,2456,228,220,124,1450,Spruce_Fir
35212,2721,80,10,404,72,2430,234,223,120,2200,Lodgepole_Pine
100753,3064,337,10,283,33,3210,199,227,167,1168,Ponderosa_Pine
35221,3102,34,10,342,0,2012,219,218,134,2516,Spruce_Fir
2455,2990,82,5,361,33,2640,227,231,138,1593,Spruce_Fir
35231,3162,76,12,382,46,2016,234,218,114,3055,Spruce_Fir
100777,2803,88,16,228,30,1952,242,212,94,2906,Lodgepole_Pine
2480,2915,41,15,330,26,2389,221,206,117,1434,Spruce_Fir
35252,3164,18,12,376,40,2015,211,215,139,2678,Spruce_Fir
68025,3164,92,12,295,58,2320,239,221,110,1572,Lodgepole_Pine
2491,2872,112,14,124,21,2932,243,225,108,2708,Lodgepole_Pine
35266,2929,88,13,150,44,1919,239,218,107,2287,Lodgepole_Pine
68038,3000,39,14,190,3,1689,220,209,121,1376,Lodgepole_Pine
68047,2822,25,12,234,37,2125,213,213,134,2992,Lodgepole_Pine
68052,2979,25,10,190,4,1661,215,219,140,1477,Lodgepole_Pine
100823,2920,95,11,134,30,3229,238,223,114,1873,Lodgepole_Pine
35292,2790,51,9,90,17,2136,225,220,128,2708,Lodgepole_Pine
2526,2908,152,9,268,25,1999,232,240,140,1366,Spruce_Fir
2530,3031,74,10,247,33,1130,233,220,119,2866,Lodgepole_Pine
2534,2803,155,11,190,48,1230,233,241,139,1847,Lodgepole_Pine
100851,3154,24,11,201,29,2067,214,215,136,2817,Spruce_Fir
2551,2923,71,16,309,51,3266,236,208,99,2186,Lodgepole_Pine
100858,2969,40,11,390,10,2268,221,216,129,2383,Lodgepole_Pine
35325,2862,137,10,234,19,3066,235,237,132,2502,Spruce_Fir
68096,3178,45,8,324,49,2710,223,223,135,1889,Spruce_Fir
35330,2785,142,8,210,29,1848,232,238,139,2790,Lodgepole_Pine
68103,2835,72,11,258,51,2147,233,218,116,1500,Lodgepole_Pine
35339,2811,35,9,212,28,1969,219,220,136,1643,Lodgepole_Pine
35342,2852,68,11,417,9,1019,232,218,117,2274,Lodgepole_Pine
68124,2921,90,5,255,34,3327,228,231,137,2358,Lodgepole_Pine
68127,2783,32,9,134,12,2770,218,220,137,2215,Lodgepole_Pine
68133,2872,72,10,283,24,2810,232,220,119,2698,Lodgepole_Pine
68135,3094,144,10,175,26,1828,235,238,134,2079,Lodgepole_Pine
35371,2962,297,14,256,57,1533,179,234,195,872,Ponderosa_Pine
2606,2898,132,12,162,32,3547,239,234,122,2796,Lodgepole_Pine
35382,2898,132,12,162,32,3547,239,234,122,2796,Lodgepole_Pine
35388,2963,87,13,108,51,2407,239,218,108,864,Spruce_Fir
2621,2921,167,17,150,58,1608,232,244,137,2649,Lodgepole_Pine
2626,2895,151,13,134,16,3231,236,240,131,2496,Lodgepole_Pine
100933,2840,13,9,277,53,2206,212,222,148,2408,Cottonwood_Willow
68172,3108,336,13,309,17,2495,190,222,170,1020,Spruce_Fir
100944,2836,74,14,277,21,1932,236,212,104,2590,Spruce_Fir
68176,3183,82,12,175,24,1956,236,219,113,1905,Spruce_Fir
100949,2958,87,14,150,4,1889,240,216,104,1348,Lodgepole_Pine
100964,3041,60,8,255,38,1150,227,223,131,2841,Lodgepole_Pine
2661,3027,109,9,247,38,1112,236,230,124,2773,Lodgepole_Pine
68200,3100,73,9,391,23,1905,231,223,124,2245,Lodgepole_Pine
68205,2882,148,12,268,38,2352,236,239,131,2167,Lodgepole_Pine
2670,2794,82,12,335,64,2554,237,219,111,2080,Lodgepole_Pine
100981,3001,110,16,362,70,2460,245,221,100,1348,Lodgepole_Pine
2693,2975,127,18,300,32,2524,247,225,99,2676,Lodgepole_Pine
101002,3023,322,14,228,52,2290,183,225,181,1064,Lodgepole_Pine
2699,2927,305,11,182,42,3237,189,234,185,1718,Lodgepole_Pine
68237,2918,39,12,258,39,3274,220,212,125,2711,Lodgepole_Pine
101012,2968,126,16,437,25,2687,245,227,105,2512,Lodgepole_Pine
2717,2835,335,15,234,25,1959,185,218,172,2486,Spruce_Fir
68253,2894,40,8,365,46,1604,221,223,137,2754,Spruce_Fir
101028,3048,99,17,283,46,3051,246,215,92,1854,Ponderosa_Pine
101034,2907,54,6,175,14,1712,224,227,138,2030,Lodgepole_Pine
68267,3115,49,9,330,28,1999,224,221,131,2175,Lodgepole_Pine
2734,2948,106,12,268,56,1680,241,225,112,1889,Lodgepole_Pine
68270,2854,92,11,175,35,2175,238,222,114,1318,Lodgepole_Pine
35522,2944,337,12,319,53,3114,195,224,168,1679,Spruce_Fir
35533,2986,186,12,339,66,1983,222,248,158,1426,Spruce_Fir
68304,2721,72,11,212,36,3755,233,219,117,2343,Lodgepole_Pine
101081,3131,59,12,268,2,2148,229,215,117,2505,Spruce_Fir
68313,2856,22,13,175,30,2602,212,213,136,2713,Lodgepole_Pine
101086,2978,22,15,256,25,2059,209,207,131,2932,Lodgepole_Pine
2783,3137,61,9,255,42,942,227,222,128,2529,Lodgepole_Pine
35552,2849,65,10,474,76,2401,230,221,123,2678,Lodgepole_Pine
101089,2820,331,16,268,27,1742,181,219,176,1441,Lodgepole_Pine
35550,2828,166,10,150,27,2753,229,244,147,2471,Lodgepole_Pine
2787,2952,55,10,277,17,2411,226,220,127,2280,Lodgepole_Pine
101098,2976,60,8,150,17,2236,226,224,132,1325,Spruce_Fir
101112,2841,108,10,242,50,2206,238,228,120,1797,Lodgepole_Pine
2808,3041,77,10,247,-2,3494,233,221,119,2809,Spruce_Fir
101122,3013,330,16,216,62,2079,181,220,177,1165,Lodgepole_Pine
68357,2794,106,12,175,69,1254,240,226,114,1581,Lodgepole_Pine
101141,2916,90,6,240,32,3408,229,231,136,2154,Lodgepole_Pine
2843,2814,130,8,335,23,2460,234,236,134,2647,Lodgepole_Pine
35614,2868,324,8,258,44,2449,200,231,171,2451,Lodgepole_Pine
101184,3053,47,12,339,64,1476,224,213,121,2304,Lodgepole_Pine
101185,2893,68,11,153,29,3021,232,218,117,2568,Lodgepole_Pine
101186,3005,50,7,150,13,3030,224,224,135,1733,Lodgepole_Pine
35656,2764,26,13,309,26,2813,213,211,132,2316,Lodgepole_Pine
101195,2852,53,9,201,16,1920,226,221,129,2662,Lodgepole_Pine
2895,3005,81,10,216,29,1613,233,223,121,1879,Lodgepole_Pine
2896,2885,80,13,362,39,1806,237,216,108,2870,Lodgepole_Pine
35664,2649,76,12,124,22,2190,234,218,114,2131,Douglas_fir
68443,2816,121,10,218,32,2108,237,232,125,1414,Lodgepole_Pine
68455,2931,298,16,212,39,2066,174,233,198,1514,Lodgepole_Pine
68461,2961,321,13,234,29,3810,186,227,180,1276,Lodgepole_Pine
101236,2814,93,10,323,20,1879,237,224,118,2892,Spruce_Fir
68468,2957,317,10,457,42,2877,194,231,178,1455,Douglas_fir
101238,2945,32,9,120,24,2271,218,221,138,2039,Spruce_Fir
2938,2839,81,6,376,38,2546,229,229,134,2721,Lodgepole_Pine
35709,3006,70,11,361,57,2114,232,218,117,711,Lodgepole_Pine
2946,2777,125,13,201,37,1689,242,230,115,2269,Lodgepole_Pine
2947,3113,76,9,210,-7,2469,231,224,126,2308,Spruce_Fir
101257,2840,57,10,242,56,2552,227,220,126,1566,Lodgepole_Pine
2959,3140,34,14,300,34,2304,217,207,122,1645,Lodgepole_Pine
68517,3203,167,11,283,26,2188,229,244,145,1722,Lodgepole_Pine
68524,2912,137,12,426,63,2682,238,235,125,2292,Lodgepole_Pine
35762,3157,47,10,192,22,2898,224,219,129,1110,Spruce_Fir
68531,2934,46,16,108,26,2442,223,202,108,1846,Spruce_Fir
2995,2758,80,12,277,5,1026,236,218,111,2435,Lodgepole_Pine
68538,2955,99,8,417,62,3492,233,229,128,2155,Lodgepole_Pine
35773,2859,44,15,277,38,2628,222,205,113,2754,Lodgepole_Pine
101309,3081,25,7,283,70,1650,217,225,145,2171,Spruce_Fir
101314,3043,100,11,150,11,1180,238,226,118,2254,Lodgepole_Pine
35789,2873,325,15,134,16,2556,182,223,180,2308,Spruce_Fir
3025,3156,104,9,247,40,2223,236,229,124,3021,Spruce_Fir
3036,3107,95,8,390,41,2468,233,229,128,2575,Lodgepole_Pine
3037,2775,88,12,268,18,2970,238,220,112,2401,Lodgepole_Pine
101341,2796,106,15,234,34,3141,244,221,102,2491,Lodgepole_Pine
35814,2951,60,9,382,16,2495,227,221,127,2370,Lodgepole_Pine
3061,2910,146,14,331,72,967,238,237,126,2403,Lodgepole_Pine
3062,2991,78,14,124,18,1566,237,213,104,1982,Lodgepole_Pine
68601,2845,93,12,192,44,2906,239,221,110,2367,Lodgepole_Pine
101372,3005,28,12,153,15,2856,215,213,133,1813,Spruce_Fir
3077,2815,169,11,150,15,2136,228,245,147,2192,Lodgepole_Pine
3078,3043,25,12,361,16,1195,213,213,134,1830,Spruce_Fir
68618,2892,36,11,190,13,1518,219,216,131,2404,Lodgepole_Pine
68621,3168,35,11,277,32,2885,219,215,131,1276,Spruce_Fir
3098,3109,109,10,234,65,3290,238,229,121,2971,Spruce_Fir
68642,3136,55,11,228,8,2470,227,216,121,1410,Spruce_Fir
3106,2935,90,11,400,88,1566,237,222,114,2240,Lodgepole_Pine
35879,3027,309,16,270,30,2549,175,228,193,993,Cottonwood_Willow
3113,2754,30,14,277,54,2254,215,208,126,2256,Lodgepole_Pine
68649,2904,85,6,190,7,2195,228,230,136,2419,Lodgepole_Pine
35882,2901,35,8,300,31,3412,219,224,140,2989,Lodgepole_Pine
68653,2899,162,12,443,55,2512,232,243,141,1996,Aspen
3134,3059,179,10,255,33,2072,224,246,154,1570,Lodgepole_Pine
68671,3000,103,11,108,23,1033,238,226,118,2250,Lodgepole_Pine
101442,2955,64,12,90,26,2130,231,215,114,2045,Lodgepole_Pine
101443,3080,288,10,295,85,2584,191,239,188,1652,Lodgepole_Pine
3140,2875,99,9,180,15,3060,235,228,125,2632,Lodgepole_Pine
68678,3132,113,9,212,24,2145,236,231,126,2556,Spruce_Fir
3144,2970,327,13,306,-6,1841,188,225,176,1760,Lodgepole_Pine
101450,3047,328,13,242,59,2563,188,224,175,1934,Lodgepole_Pine
68686,2766,104,10,272,36,2609,238,227,119,2135,Lodgepole_Pine
35923,3010,97,9,256,38,2279,236,227,122,2486,Spruce_Fir
35924,2899,107,8,277,66,2093,234,231,129,904,Lodgepole_Pine
3156,2983,47,8,339,52,3791,223,223,135,1495,Lodgepole_Pine
68693,2999,180,13,240,20,1770,224,248,153,1405,Spruce_Fir
101465,2825,66,8,153,34,2106,228,225,131,1836,Lodgepole_Pine
35932,2862,34,11,170,9,1370,219,217,133,2388,Lodgepole_Pine
68703,2930,18,11,277,35,805,211,216,141,1673,Lodgepole_Pine
68709,2967,106,14,277,78,3837,243,223,107,2445,Lodgepole_Pine
35944,3063,100,7,323,35,2089,231,231,133,1397,Spruce_Fir
35945,3153,333,14,134,33,1989,188,222,172,2068,Lodgepole_Pine
68729,3045,325,13,247,54,2629,188,226,177,1892,Lodgepole_Pine
35967,3032,110,14,162,17,2335,243,224,107,3042,Lodgepole_Pine
68738,2930,152,16,192,60,2935,238,239,126,1734,Lodgepole_Pine
68755,2999,180,13,240,20,1770,224,248,153,1405,Spruce_Fir
68759,2927,29,11,240,66,3070,216,217,135,2036,Lodgepole_Pine
3226,2989,302,11,120,11,2550,190,235,185,2341,Spruce_Fir
68765,3034,15,11,309,56,2563,210,216,142,2547,Lodgepole_Pine
35998,3110,67,14,390,-9,2053,233,212,109,2449,Spruce_Fir
101535,2839,75,16,256,71,1782,238,207,95,1842,Aspen
101550,2832,117,8,175,76,1340,235,232,129,1590,Lodgepole_Pine
68785,2974,317,11,277,53,1848,191,231,179,702,Lodgepole_Pine
36024,3082,95,9,390,41,959,234,227,124,1745,Spruce_Fir
36039,2966,67,12,466,27,2590,232,217,116,2403,Lodgepole_Pine
68819,2863,152,9,277,21,2304,232,240,139,2155,Lodgepole_Pine
101587,2940,50,14,268,46,780,226,208,113,1937,Lodgepole_Pine
3287,2790,86,13,175,17,1909,238,218,108,2864,Lodgepole_Pine
68829,3030,83,12,234,17,1782,237,218,110,1710,Spruce_Fir
68831,2991,49,11,443,50,2382,224,217,125,2672,Lodgepole_Pine
101601,3073,141,13,150,18,1842,239,236,125,1871,Lodgepole_Pine
3305,2805,42,11,295,25,1884,222,215,127,1641,Aspen
3311,3051,322,11,150,6,1740,192,229,177,1624,Spruce_Fir
101617,2820,94,8,285,24,2430,232,229,129,1570,Lodgepole_Pine
36091,3032,4,12,335,60,2307,204,218,150,2563,Spruce_Fir
3328,2971,91,16,134,33,1933,243,212,93,2605,Lodgepole_Pine
36101,3045,325,13,247,54,2629,188,226,177,1892,Lodgepole_Pine
3353,3010,323,9,212,38,3181,196,230,174,1852,Lodgepole_Pine
101658,3227,108,12,255,46,1756,241,225,112,1403,Spruce_Fir
36129,2913,331,9,295,52,2771,200,230,169,2164,Lodgepole_Pine
3362,3005,40,14,218,1,1718,220,208,119,1385,Lodgepole_Pine
36133,2808,133,8,351,35,2395,233,236,135,2708,Lodgepole_Pine
68905,2887,127,5,297,56,2713,228,237,143,2250,Lodgepole_Pine
68912,2807,135,12,240,23,2022,239,234,123,1262,Lodgepole_Pine
68921,3177,8,13,330,36,2283,205,214,145,1486,Lodgepole_Pine
36158,2854,14,10,277,37,2292,211,220,145,2136,Lodgepole_Pine
36162,3055,86,12,324,42,1239,237,221,113,2876,Lodgepole_Pine
3407,3000,125,8,330,71,2300,234,235,133,2510,Lodgepole_Pine
36200,3006,60,8,182,14,3060,226,224,132,1773,Lodgepole_Pine
68971,2991,177,17,210,44,2335,226,247,147,2928,Lodgepole_Pine
3439,3071,34,15,319,45,2737,216,205,120,1230,Spruce_Fir
101749,2842,70,10,175,5,1237,231,220,120,2393,Lodgepole_Pine
68984,2855,79,16,210,29,2758,239,210,96,2792,Lodgepole_Pine
36222,2809,54,15,270,52,1683,228,207,110,1298,Lodgepole_Pine
36228,3140,45,11,180,30,1790,223,216,126,2602,Spruce_Fir
36231,2884,64,12,175,35,2589,231,215,115,2574,Lodgepole_Pine
36232,3131,70,15,150,31,2404,235,210,102,1719,Spruce_Fir
36239,2950,47,8,443,81,2223,223,223,135,2200,Lodgepole_Pine
3473,3032,32,9,382,14,1128,218,220,137,1812,Spruce_Fir
69019,2950,169,15,365,64,1848,230,245,142,1860,Lodgepole_Pine
36260,2778,58,14,255,32,3049,229,211,112,2448,Lodgepole_Pine
3507,2835,54,11,216,75,2533,226,217,123,2829,Lodgepole_Pine
3511,3071,318,12,277,54,2742,189,229,180,781,Spruce_Fir
36280,2871,53,9,90,35,2568,226,220,128,2516,Lodgepole_Pine
36289,2819,39,12,300,56,1707,220,213,126,1302,Lodgepole_Pine
3524,3199,117,7,247,19,1994,233,233,132,1883,Spruce_Fir
101847,3063,59,11,175,3,2123,228,217,120,1515,Spruce_Fir
69082,3038,40,11,242,39,3042,221,216,129,1539,Cottonwood_Willow
3547,3226,47,10,277,26,2270,224,217,127,1637,Spruce_Fir
101870,2745,74,8,228,4,2370,230,224,127,1574,Lodgepole_Pine
69104,2913,56,11,124,29,1663,227,218,123,2683,Douglas_fir
101876,2780,37,14,240,33,1681,219,208,122,1230,Spruce_Fir
3577,2895,80,12,277,82,3178,236,218,111,2282,Douglas_fir
3578,3073,338,11,424,37,2301,196,225,167,1187,Spruce_Fir
3582,2759,172,10,201,53,2666,227,245,150,2290,Lodgepole_Pine
3597,3006,121,11,162,18,1134,239,231,121,1800,Lodgepole_Pine
101903,3072,317,12,162,1,2147,189,230,181,1266,Spruce_Fir
69135,2989,169,18,210,45,2361,231,244,138,2876,Lodgepole_Pine
101906,3025,106,9,300,55,2292,235,229,125,603,Spruce_Fir
101912,2805,79,8,277,18,2832,231,225,126,2409,Lodgepole_Pine
101928,2910,56,7,277,37,2215,225,225,134,2542,Lodgepole_Pine
69179,2871,32,6,339,54,2337,219,227,145,2054,Lodgepole_Pine
69181,3117,85,13,134,15,1889,238,217,108,2773,Lodgepole_Pine
69201,3104,96,9,134,6,2205,235,227,123,2343,Spruce_Fir
101971,3204,85,11,228,39,3091,236,221,114,2095,Spruce_Fir
36442,2899,62,12,350,30,3219,230,215,115,2707,Lodgepole_Pine
3677,3155,77,9,351,22,1860,232,224,125,3079,Lodgepole_Pine
36460,2821,50,16,180,33,1973,225,203,107,2007,Aspen
36463,2965,159,11,201,28,3721,232,242,140,2160,Lodgepole_Pine
36465,2802,79,12,268,53,1825,236,218,112,674,Lodgepole_Pine
69237,2836,85,9,384,58,2026,233,225,124,2858,Lodgepole_Pine
102012,2727,42,13,247,29,2177,222,210,121,2148,Lodgepole_Pine
36483,2985,45,8,295,79,3504,223,223,135,2022,Lodgepole_Pine
3718,2850,131,15,182,29,2376,243,231,114,2738,Lodgepole_Pine
102025,3092,64,6,379,21,1840,226,228,136,2240,Aspen
3724,2847,113,9,127,43,2651,236,231,126,1978,Lodgepole_Pine
36495,2954,66,9,450,75,3273,229,223,127,2257,Lodgepole_Pine
69271,2871,317,16,283,80,1861,176,224,187,1410,Spruce_Fir
36504,2981,54,10,216,5,940,226,218,124,1575,Spruce_Fir
69274,2917,150,16,212,45,1622,239,238,124,2802,Lodgepole_Pine
102050,2948,111,13,216,60,1860,242,225,110,1168,Lodgepole_Pine
69290,3042,122,9,391,62,1356,235,233,129,2539,Lodgepole_Pine
69298,2749,131,10,228,29,1423,237,235,127,2347,Lodgepole_Pine
36532,2968,122,12,192,44,1595,240,230,118,2657,Lodgepole_Pine
102073,3014,113,8,180,29,2062,234,232,129,1434,Lodgepole_Pine
102075,2996,302,13,150,21,2368,182,233,191,1523,Spruce_Fir
69308,2727,30,15,175,29,2249,214,206,124,2163,Lodgepole_Pine
102087,2938,129,10,309,75,2823,237,234,127,1814,Krummholz
36562,2946,113,12,319,73,1694,240,228,117,2860,Lodgepole_Pine
3802,2968,131,9,242,31,3688,235,235,131,2195,Lodgepole_Pine
3803,2816,174,13,313,35,1560,227,246,148,1329,Lodgepole_Pine
3807,3150,53,10,270,46,2989,226,219,127,1504,Spruce_Fir
3814,2777,72,14,192,72,1342,235,212,105,2264,Lodgepole_Pine
36585,2975,21,14,212,32,2195,210,210,134,2118,Spruce_Fir
69354,2893,312,11,190,42,2672,190,232,182,2694,Lodgepole_Pine
3827,2974,39,13,421,91,2402,220,210,122,1589,Spruce_Fir
69365,3086,66,9,201,27,1956,229,223,127,3472,Spruce_Fir
102144,2954,72,14,67,24,2012,235,212,105,2755,Lodgepole_Pine
69384,2816,83,13,201,34,2321,238,216,106,3436,Lodgepole_Pine
102159,2936,79,9,418,72,3055,232,224,124,2402,Lodgepole_Pine
3858,3112,315,10,408,48,2200,193,232,178,2315,Spruce_Fir
102165,2906,88,15,201,51,1587,241,214,99,1423,Lodgepole_Pine
3864,3007,76,16,297,21,2706,238,209,97,1549,Lodgepole_Pine
69433,2875,167,15,180,37,977,231,244,140,2244,Lodgepole_Pine
102208,2911,77,14,384,32,3284,237,212,103,2758,Ponderosa_Pine
36684,3031,49,10,234,13,1348,224,218,127,2588,Lodgepole_Pine
102220,2846,41,10,331,4,2550,221,218,131,895,Spruce_Fir
102222,3019,185,12,277,53,2372,222,248,157,1146,Lodgepole_Pine
102235,2967,7,8,242,34,1838,210,224,151,2596,Lodgepole_Pine
102240,2797,33,12,153,21,2060,218,214,131,2549,Lodgepole_Pine
3938,2940,310,12,433,25,2793,186,231,185,1406,Lodgepole_Pine
69477,2916,300,14,192,16,2763,181,234,193,1465,Lodgepole_Pine
3946,3177,136,15,216,36,2430,243,232,114,1513,Spruce_Fir
3958,2852,115,13,150,23,1500,242,227,113,1940,Lodgepole_Pine
36727,3031,72,15,212,26,2291,236,210,102,3058,Lodgepole_Pine
3961,2819,75,13,404,55,1852,236,214,107,1878,Lodgepole_Pine
69498,3261,52,14,335,46,1900,226,209,113,2389,Spruce_Fir
69499,2862,121,13,150,29,2804,242,228,113,2250,Lodgepole_Pine
3964,2815,48,16,150,33,1994,225,202,107,2012,Aspen
102274,2842,45,10,242,43,1282,223,219,130,2215,Lodgepole_Pine
36741,3083,325,10,384,47,2314,196,230,173,1172,Spruce_Fir
69510,2758,35,9,295,20,2825,219,220,136,2308,Lodgepole_Pine
69518,2949,97,9,268,76,1842,236,227,122,1221,Lodgepole_Pine
36756,3150,53,10,270,46,2989,226,219,127,1504,Spruce_Fir
69532,2981,29,10,258,28,805,217,219,137,1982,Lodgepole_Pine
36765,2895,11,14,218,40,2730,204,211,142,2646,Lodgepole_Pine
102302,2986,80,13,283,41,4137,237,217,109,1899,Lodgepole_Pine
69538,3024,338,12,210,43,1107,194,223,168,1758,Lodgepole_Pine
36771,3037,45,13,210,49,2193,223,210,119,2729,Spruce_Fir
69544,3166,57,8,240,63,2580,226,223,132,1758,Spruce_Fir
36783,2936,298,11,190,26,2014,188,236,188,1622,Lodgepole_Pine
4022,2984,19,9,268,54,1073,214,222,144,2212,Lodgepole_Pine
4023,3091,67,9,212,14,2352,229,222,125,2148,Douglas_fir
36796,3013,42,11,443,-10,2483,222,216,128,2538,Lodgepole_Pine
69566,2837,318,13,150,33,2250,187,228,182,2130,Spruce_Fir
102340,3041,97,11,313,-2,3507,238,224,116,2814,Spruce_Fir
102344,2870,30,12,255,54,3523,216,214,132,2922,Lodgepole_Pine
4051,3216,78,13,270,51,3265,236,216,109,2215,Spruce_Fir
36820,2998,100,7,382,80,2529,232,231,131,1717,Lodgepole_Pine
102357,3022,115,15,212,53,2192,245,224,104,2419,Spruce_Fir
69601,3099,97,10,365,28,1749,236,226,120,1531,Spruce_Fir
4066,2956,100,16,162,27,1980,245,215,94,1964,Douglas_fir
69606,2976,41,10,362,13,2294,221,218,131,2442,Lodgepole_Pine
36847,2998,15,10,240,46,1275,211,219,144,2403,Spruce_Fir
102389,3121,78,11,242,2,1994,234,220,116,1953,Lodgepole_Pine
69635,3170,158,18,277,29,1867,237,240,126,2017,Spruce_Fir
4102,2806,24,10,190,30,2103,215,218,139,2506,Lodgepole_Pine
36873,2841,96,5,295,57,2174,228,233,139,1558,Lodgepole_Pine
4108,2848,90,13,270,80,700,239,219,109,2147,Cottonwood_Willow
69649,3017,72,12,339,37,1127,233,217,114,2292,Lodgepole_Pine
69651,2875,36,13,285,36,1550,219,211,126,2773,Spruce_Fir
69666,2952,293,14,212,26,1531,181,236,195,1291,Lodgepole_Pine
36898,2947,85,11,124,14,2885,236,221,114,1328,Spruce_Fir
69676,2872,132,6,277,29,3060,231,237,139,2518,Spruce_Fir
102456,3083,31,13,339,23,3706,216,210,128,2613,Spruce_Fir
36924,2916,179,16,180,69,1654,225,248,150,2366,Lodgepole_Pine
69704,2927,340,16,297,44,3078,185,216,168,1786,Spruce_Fir
36941,2906,23,13,459,37,2151,212,211,134,1689,Lodgepole_Pine
102477,3087,83,6,408,61,1689,228,230,137,2271,Lodgepole_Pine
4182,2907,48,12,313,47,2596,224,213,120,2581,Cottonwood_Willow
102492,3013,297,13,134,18,2389,183,235,192,1381,Lodgepole_Pine
4197,2873,58,12,120,4,1888,228,214,117,2040,Lodgepole_Pine
36969,3151,67,12,376,19,2227,232,217,116,2372,Spruce_Fir
36972,2825,42,13,247,41,2489,222,212,123,1452,Lodgepole_Pine
102512,3223,121,11,255,42,1776,239,231,120,1406,Spruce_Fir
36980,2965,20,10,108,25,2998,214,220,142,1415,Spruce_Fir
102518,2813,60,7,201,19,1999,225,226,135,2926,Spruce_Fir
36984,2879,45,15,150,31,1323,223,207,115,2297,Lodgepole_Pine
102522,3035,21,10,335,57,2308,214,219,141,2125,Spruce_Fir
4218,3162,15,11,323,37,2037,211,218,143,2713,Spruce_Fir
4221,2902,128,13,212,53,2643,242,231,116,2032,Lodgepole_Pine
102526,2900,61,9,306,87,3208,227,222,128,2301,Lodgepole_Pine
102533,2718,42,11,270,68,1123,222,215,127,2071,Lodgepole_Pine
37005,3037,62,9,192,11,864,228,221,125,1974,Lodgepole_Pine
37025,2879,106,14,153,33,1239,243,223,107,2442,Spruce_Fir
37028,2854,43,11,270,35,1672,222,217,128,2706,Lodgepole_Pine
69798,2847,29,6,234,43,2324,218,227,145,2043,Lodgepole_Pine
69799,2906,20,10,134,9,1879,213,218,141,2197,Lodgepole_Pine
37035,2826,27,15,218,28,1873,212,206,126,1560,Lodgepole_Pine
4274,2948,27,10,134,27,2330,216,219,139,2007,Spruce_Fir
69811,3159,37,12,277,31,1595,219,213,127,1850,Lodgepole_Pine
4276,3110,306,10,390,44,2290,192,235,183,2553,Lodgepole_Pine
102580,3029,71,9,150,13,3600,230,223,126,2052,Lodgepole_Pine
102579,2902,165,7,270,17,2495,227,243,149,2394,Lodgepole_Pine
69824,2985,99,11,127,26,845,239,224,114,2059,Lodgepole_Pine
69826,2850,77,5,212,34,2352,227,230,138,2099,Lodgepole_Pine
4292,3004,335,12,108,13,2714,192,223,170,1733,Lodgepole_Pine
69844,2865,169,8,216,45,2313,226,244,151,2760,Lodgepole_Pine
37079,2881,116,7,421,32,2826,233,233,133,2724,Lodgepole_Pine
102619,2794,82,12,335,64,2554,237,219,111,2080,Lodgepole_Pine
102621,2793,97,8,124,14,2220,234,228,127,1556,Lodgepole_Pine
102623,2910,32,13,313,59,2841,216,210,127,2496,Lodgepole_Pine
37088,2845,152,9,242,51,2270,232,240,140,1661,Lodgepole_Pine
37089,2965,19,9,351,76,2053,214,220,143,2514,Ponderosa_Pine
37092,2923,342,12,162,19,3118,195,222,166,2227,Spruce_Fir
37096,2821,120,13,350,48,2315,241,229,115,2673,Lodgepole_Pine
102634,2804,40,12,256,43,1471,221,213,124,1158,Lodgepole_Pine
37099,2864,64,9,319,64,2588,229,221,125,3013,Lodgepole_Pine
102655,3033,129,13,124,22,3004,241,232,117,2067,Spruce_Fir
102659,2995,86,11,234,70,1421,236,222,117,1637,Lodgepole_Pine
4365,2876,112,10,366,56,2216,238,229,121,2773,Lodgepole_Pine
102676,2878,129,10,297,16,3095,237,234,127,2227,Lodgepole_Pine
37148,3003,343,12,201,57,2326,195,221,165,1465,Spruce_Fir
69924,3166,85,6,228,43,2616,228,230,136,1874,Spruce_Fir
37157,3126,162,12,150,17,2230,232,243,141,2406,Spruce_Fir
37162,2804,24,13,361,78,1575,213,211,133,1452,Lodgepole_Pine
4410,3066,309,12,390,39,2651,187,232,185,1337,Lodgepole_Pine
37180,2922,59,17,210,61,3054,231,202,98,2058,Lodgepole_Pine
102720,2988,48,11,127,-1,1566,224,216,124,1958,Lodgepole_Pine
37187,2911,77,14,384,32,3284,237,212,103,2758,Lodgepole_Pine
69957,3079,315,15,228,55,2856,179,227,187,700,Spruce_Fir
37191,2890,128,13,362,65,1032,241,232,118,2513,Lodgepole_Pine
69969,3025,7,9,218,55,2022,209,222,150,1259,Lodgepole_Pine
4436,2687,81,11,268,74,2418,235,221,117,2370,Lodgepole_Pine
102743,3083,79,12,234,48,2184,236,217,110,1307,Spruce_Fir
102748,3050,16,12,134,23,2851,209,214,141,1215,Lodgepole_Pine
37239,3020,58,7,408,32,1252,226,225,133,1965,Spruce_Fir
4476,2970,9,12,272,81,1470,206,216,146,1804,Lodgepole_Pine
4489,2799,122,8,408,43,1902,233,234,133,2089,Lodgepole_Pine
4490,2799,85,16,150,28,1592,241,211,96,2092,Lodgepole_Pine
102800,3085,302,10,240,7,2298,191,235,184,1110,Spruce_Fir
102805,2958,180,9,258,12,1857,224,246,155,2082,Lodgepole_Pine
70047,2806,40,12,335,26,1860,221,213,125,1661,Lodgepole_Pine
70048,3091,59,10,175,34,765,228,219,124,1638,Spruce_Fir
70054,2769,96,10,150,13,1775,236,226,121,1828,Spruce_Fir
4523,2928,60,9,212,18,2287,227,221,127,2347,Lodgepole_Pine
102830,2986,302,12,124,11,2343,186,234,189,1565,Spruce_Fir
70065,2966,117,11,108,23,1917,238,230,121,2577,Lodgepole_Pine
102849,2989,302,11,120,11,2550,190,235,185,2341,Spruce_Fir
70083,2881,338,15,418,46,2010,185,217,170,1461,Lodgepole_Pine
70110,3102,315,13,361,32,2440,186,229,183,2402,Lodgepole_Pine
70111,2872,49,10,228,16,2630,224,218,127,2490,Lodgepole_Pine
70122,3047,328,13,242,59,2563,188,224,175,1934,Lodgepole_Pine
102892,3028,327,10,297,32,3012,197,229,172,850,Spruce_Fir
4589,2810,53,10,228,46,1667,226,218,126,1298,Lodgepole_Pine
102895,2895,91,13,124,31,3066,240,219,108,2553,Lodgepole_Pine
102897,3026,15,10,255,24,3750,211,219,144,2170,Lodgepole_Pine
4597,2761,90,10,124,7,2597,235,224,120,1800,Lodgepole_Pine
37367,3006,78,12,242,34,1027,235,219,114,2598,Cottonwood_Willow
37369,3124,131,9,242,34,1092,235,235,132,1800,Spruce_Fir
37377,3119,83,11,342,75,3274,235,221,116,2998,Spruce_Fir
37381,3023,141,13,180,8,1697,238,236,125,1203,Spruce_Fir
4621,2912,137,12,426,63,2682,238,235,125,2292,Lodgepole_Pine
37389,2795,124,7,351,22,2130,233,235,135,2440,Lodgepole_Pine
102938,2863,75,7,268,38,1947,229,226,130,2318,Lodgepole_Pine
4650,3011,86,12,153,22,1020,238,219,110,2754,Lodgepole_Pine
37423,2984,309,10,335,69,2866,193,234,181,1480,Douglas_fir
37430,2795,88,7,190,22,2197,231,229,131,2823,Lodgepole_Pine
37431,2945,74,10,192,46,3304,232,222,122,1829,Douglas_fir
70205,2997,37,12,90,22,1889,219,212,126,1366,Lodgepole_Pine
4673,2924,107,6,323,77,1641,231,232,134,2224,Lodgepole_Pine
70217,2774,86,15,175,19,1784,241,213,98,2737,Lodgepole_Pine
37464,2902,20,10,150,18,1614,213,218,141,2751,Lodgepole_Pine
37468,3019,102,13,297,77,2287,241,223,110,859,Lodgepole_Pine
4712,2955,110,6,242,57,3468,231,233,135,1621,Lodgepole_Pine
4713,3045,325,13,247,54,2629,188,226,177,1892,Lodgepole_Pine
4715,3024,92,12,297,75,2325,239,221,110,824,Ponderosa_Pine
4723,2950,42,12,90,24,1398,222,213,124,1425,Lodgepole_Pine
37493,2706,58,10,362,80,2510,228,218,123,2350,Lodgepole_Pine
70263,2998,15,10,240,46,1275,211,219,144,2403,Spruce_Fir
70265,2879,37,9,283,35,1510,220,219,134,1062,Lodgepole_Pine
103034,2994,53,7,175,7,2701,224,225,135,1543,Lodgepole_Pine
4736,2935,74,10,295,62,2068,233,220,119,2271,Lodgepole_Pine
70281,2991,52,11,218,29,4098,226,217,124,2192,Lodgepole_Pine
4753,2826,155,14,134,20,3017,235,241,132,2072,Lodgepole_Pine
70291,3119,67,10,90,19,2352,231,219,120,1772,Spruce_Fir
103067,3064,69,15,277,-10,2147,234,210,103,1565,Spruce_Fir
37533,3181,27,15,270,49,2193,212,207,128,2742,Spruce_Fir
37534,2870,118,15,255,31,3520,244,226,106,1637,Lodgepole_Pine
70304,2948,97,6,210,3,1994,230,231,135,1865,Lodgepole_Pine
70310,2785,105,7,335,19,2206,232,232,133,1624,Douglas_fir
4782,2982,42,7,190,19,1412,221,225,138,1909,Lodgepole_Pine
37556,3049,30,13,306,50,3009,216,211,129,1639,Lodgepole_Pine
103103,3117,43,13,295,17,2362,222,212,122,1521,Spruce_Fir
70346,3139,77,10,170,31,2278,233,221,119,2121,Spruce_Fir
103118,2913,37,12,242,18,769,219,212,126,1590,Lodgepole_Pine
70356,2893,68,11,153,29,3021,232,218,117,2568,Lodgepole_Pine
37593,2747,68,8,270,17,2503,229,223,127,2277,Lodgepole_Pine
70364,2824,61,9,210,24,1747,227,222,128,2577,Lodgepole_Pine
103137,2974,44,15,190,49,830,222,205,113,1935,Lodgepole_Pine
37604,2862,128,11,201,50,2505,238,233,124,1974,Lodgepole_Pine
70376,2928,73,15,301,64,3212,236,211,103,2384,Aspen
103146,2991,62,9,216,3,1006,228,221,125,1587,Spruce_Fir
37615,3019,323,9,153,28,2087,197,231,173,1201,Spruce_Fir
70392,2792,101,10,300,36,2069,236,227,121,1855,Lodgepole_Pine
37626,3180,117,13,339,64,2523,241,228,114,2954,Spruce_Fir
37631,2989,84,9,192,23,1485,233,225,125,1992,Lodgepole_Pine
37635,2873,22,8,309,49,2379,215,224,145,2256,Lodgepole_Pine
4884,3005,92,12,268,39,1015,239,221,110,2547,Lodgepole_Pine
37653,3040,24,10,150,29,2760,215,218,139,1101,Lodgepole_Pine
37654,2989,79,11,150,26,1489,234,220,117,1921,Aspen
70428,3177,318,12,228,39,3570,189,229,180,1800,Spruce_Fir
4901,2781,103,10,256,57,2903,237,227,120,2505,Lodgepole_Pine
37672,3096,82,5,306,25,1872,227,231,138,2163,Lodgepole_Pine
103210,3048,76,9,127,19,1201,232,223,124,2644,Lodgepole_Pine
4907,2813,124,14,295,73,3158,243,229,113,2827,Lodgepole_Pine
37678,2895,163,13,182,49,2124,232,243,140,1310,Lodgepole_Pine
37689,3025,71,10,342,2,2794,231,221,121,1455,Lodgepole_Pine
103228,2954,160,13,390,51,3012,233,242,137,1608,Lodgepole_Pine
4931,2882,263,13,242,49,2766,187,246,197,2358,Spruce_Fir
103236,2987,146,9,382,68,1790,232,239,139,2694,Lodgepole_Pine
37700,3054,69,14,175,30,3494,234,210,104,2763,Spruce_Fir
70470,2913,63,11,297,58,3360,230,218,120,2778,Lodgepole_Pine
4944,2918,10,14,426,52,3037,204,212,143,2133,Lodgepole_Pine
37713,2786,130,8,268,30,1814,234,236,133,1950,Spruce_Fir
37717,3027,87,16,182,20,2980,242,213,97,1983,Lodgepole_Pine
4959,2924,343,9,212,50,3079,202,226,163,2016,Lodgepole_Pine
70496,3120,68,11,120,20,2363,232,218,117,1731,Spruce_Fir
37733,2955,292,9,175,33,1677,194,238,185,1366,Lodgepole_Pine
37745,2993,81,11,323,54,450,235,219,114,2045,Lodgepole_Pine
4980,3017,39,10,150,13,2083,221,218,131,1550,Lodgepole_Pine
70531,2901,132,11,277,59,2120,238,234,124,853,Lodgepole_Pine
103300,2938,342,12,228,31,3079,195,222,166,1537,Spruce_Fir
103307,2956,79,8,150,24,3430,231,226,128,2498,Cottonwood_Willow
5007,2817,322,11,335,41,2252,193,229,176,2357,Lodgepole_Pine
70546,2941,317,15,182,15,1441,179,225,186,1381,Lodgepole_Pine
37779,2995,56,10,134,15,2160,227,218,124,1055,Lodgepole_Pine
70550,2787,62,9,342,31,2134,228,221,125,1806,Lodgepole_Pine
103323,2901,45,14,153,31,1802,223,209,117,2902,Lodgepole_Pine
37805,2780,22,12,180,31,1973,212,214,137,2292,Krummholz
37806,2806,37,7,430,50,2089,220,224,140,2052,Lodgepole_Pine
103345,3178,35,8,319,36,2697,219,223,139,1931,Spruce_Fir
70584,3082,58,8,120,11,2041,226,224,132,1725,Spruce_Fir
70586,3059,8,11,212,42,1282,207,218,147,2673,Spruce_Fir
37819,3051,151,17,212,35,1674,239,238,121,2295,Spruce_Fir
37843,3074,41,9,192,13,1477,221,220,133,1830,Spruce_Fir
5075,3057,53,9,234,33,3900,226,220,128,2185,Lodgepole_Pine
103384,3097,103,13,242,65,2422,242,222,108,3330,Spruce_Fir
37850,2840,57,10,242,56,2552,227,220,126,1566,Lodgepole_Pine
103392,3243,76,14,350,28,1838,236,214,106,2480,Spruce_Fir
37861,3012,63,10,150,11,2984,229,220,123,1725,Spruce_Fir
5099,2883,41,10,297,59,2313,221,219,132,2259,Lodgepole_Pine
37869,2861,118,6,216,18,3090,230,235,138,2513,Spruce_Fir
5108,2900,122,7,240,11,2308,233,234,134,1461,Spruce_Fir
37881,3091,32,11,342,20,2591,218,217,134,2846,Lodgepole_Pine
5114,2925,95,14,313,61,3084,241,219,104,2456,Lodgepole_Pine
5118,2926,292,12,124,10,2068,186,238,191,1632,Spruce_Fir
70656,2802,23,14,180,18,2416,211,209,131,1368,Cottonwood_Willow
70660,2696,85,14,242,57,2382,240,215,102,2468,Lodgepole_Pine
5125,2898,69,9,127,12,1953,230,222,125,2310,Spruce_Fir
37894,2851,93,15,124,15,2611,242,215,99,2488,Aspen
70665,3057,103,17,309,50,3081,246,216,94,1850,Lodgepole_Pine
70674,2962,302,9,306,47,2955,194,236,181,1557,Lodgepole_Pine
5144,2993,50,11,242,2,1015,225,216,124,1616,Spruce_Fir
70681,2747,68,8,270,17,2503,229,223,127,2277,Lodgepole_Pine
37925,2812,117,7,376,21,2424,233,233,132,2689,Lodgepole_Pine
37928,3142,310,11,228,32,1867,190,233,183,2632,Lodgepole_Pine
37929,3068,337,10,247,49,2770,197,225,167,751,Spruce_Fir
70708,3007,74,11,85,-3,2700,233,219,116,2250,Spruce_Fir
5172,2942,22,9,433,44,3426,215,221,143,1771,Lodgepole_Pine
37949,2663,77,13,216,48,2314,236,216,110,2313,Douglas_fir
103491,2903,323,16,210,47,2912,179,222,182,2347,Krummholz
103498,3166,77,13,90,31,1790,236,216,108,2060,Lodgepole_Pine
5195,2975,124,7,268,61,1674,233,235,135,2769,Lodgepole_Pine
103500,2843,29,15,240,23,2079,213,205,124,2991,Lodgepole_Pine
37981,3148,27,14,228,15,1761,213,208,128,1865,Spruce_Fir
37984,2880,140,14,212,48,908,240,235,121,1678,Lodgepole_Pine
103529,2805,149,14,240,52,3144,237,239,128,2848,Lodgepole_Pine
5229,2990,93,15,247,41,2137,242,215,99,760,Spruce_Fir
103534,2822,39,10,376,56,1932,221,218,131,886,Aspen
103536,2969,40,11,390,10,2268,221,216,129,2383,Lodgepole_Pine
38012,2810,49,11,300,59,1224,224,217,125,2413,Lodgepole_Pine
5248,2821,27,12,216,37,1660,215,214,134,2604,Douglas_fir
38023,2930,152,16,192,60,2935,238,239,126,1734,Lodgepole_Pine
5258,3022,305,15,201,27,2445,178,231,193,1350,Lodgepole_Pine
38028,2852,110,12,134,16,2589,241,226,112,2513,Lodgepole_Pine
103576,2849,133,12,228,55,2326,239,234,122,1727,Lodgepole_Pine
5275,2974,45,8,150,14,1347,222,223,136,1965,Lodgepole_Pine
103581,2850,34,11,295,64,2525,219,217,133,3326,Lodgepole_Pine
38046,2860,18,15,342,25,1952,207,206,133,1538,Lodgepole_Pine
5284,3018,50,8,153,27,2754,224,223,133,1558,Lodgepole_Pine
70821,2953,45,6,234,50,3337,222,227,140,1784,Lodgepole_Pine
103595,2939,323,14,150,26,3038,184,225,180,2173,Lodgepole_Pine
5294,2847,23,12,210,28,1727,212,214,136,2671,Lodgepole_Pine
70831,2811,94,13,339,38,2252,240,221,109,2588,Lodgepole_Pine
70834,3027,26,14,323,53,2522,213,209,130,2557,Lodgepole_Pine
103607,2956,59,11,300,72,1470,228,216,119,1924,Lodgepole_Pine
70840,2820,94,8,285,24,2430,232,229,129,1570,Lodgepole_Pine
70843,2752,39,10,242,22,2769,221,217,130,2250,Lodgepole_Pine
5309,2832,98,10,277,16,2985,237,225,118,2616,Lodgepole_Pine
103625,2939,70,15,182,11,1794,235,210,103,2687,Lodgepole_Pine
103626,2779,133,8,201,36,1783,233,236,135,2496,Lodgepole_Pine
70860,2922,20,8,234,54,1786,215,224,145,2496,Lodgepole_Pine
103629,2764,100,8,180,40,2799,234,229,127,2440,Lodgepole_Pine
70866,2937,80,13,295,50,1997,237,215,107,3020,Lodgepole_Pine
5338,2941,62,14,379,60,1922,231,211,109,3079,Ponderosa_Pine
38112,2895,80,12,277,82,3178,236,218,111,2282,Lodgepole_Pine
103650,3057,29,12,335,58,3095,216,213,131,1566,Lodgepole_Pine
103653,3048,36,12,309,64,1142,219,212,127,1209,Lodgepole_Pine
70890,3038,92,11,124,19,1140,238,222,114,2647,Lodgepole_Pine
5358,2739,38,14,306,39,2165,219,209,122,2184,Lodgepole_Pine
103663,2964,66,9,366,25,2526,229,223,127,2282,Lodgepole_Pine
70896,2916,76,13,162,29,2131,236,216,109,2896,Lodgepole_Pine
70895,3073,77,13,190,49,3439,236,216,110,2820,Spruce_Fir
38128,3254,30,9,297,52,2040,218,220,137,1906,Lodgepole_Pine
103668,2835,335,15,234,25,1959,185,218,172,2486,Spruce_Fir
70903,3059,8,11,212,42,1282,207,218,147,2673,Krummholz
38136,3103,18,9,212,32,1813,213,221,144,1716,Spruce_Fir
5376,3062,20,13,277,-7,2571,211,212,136,2222,Spruce_Fir
70919,2889,82,8,216,10,1273,232,225,126,2073,Lodgepole_Pine
38157,2910,42,7,162,10,1707,221,225,138,2002,Lodgepole_Pine
38160,2870,47,15,162,63,2317,224,206,112,2195,Spruce_Fir
5392,2927,91,13,124,41,3274,240,218,106,2514,Lodgepole_Pine
38170,2890,109,11,192,44,1477,239,228,119,1548,Lodgepole_Pine
38174,2851,112,10,192,23,1269,238,229,121,1800,Spruce_Fir
5416,3077,87,14,212,43,3805,240,215,102,2790,Lodgepole_Pine
103721,2948,66,11,301,53,1965,231,217,117,3065,Lodgepole_Pine
70964,2820,77,9,212,29,2639,232,224,125,2477,Lodgepole_Pine
70969,3014,333,8,228,43,3180,202,230,167,1825,Lodgepole_Pine
70985,2953,82,13,85,27,1416,238,216,107,1423,Lodgepole_Pine
38218,3159,82,12,426,49,1924,237,219,111,3115,Spruce_Fir
70991,2840,71,11,60,15,2601,233,218,115,2495,Lodgepole_Pine
38223,3020,12,11,382,80,2864,209,217,145,1593,Lodgepole_Pine
5467,2995,61,13,85,12,2040,230,212,112,2795,Spruce_Fir
71018,2730,86,10,201,22,1490,235,223,119,1890,Lodgepole_Pine
71020,3014,106,9,469,44,1395,235,229,125,2115,Cottonwood_Willow
71023,2953,45,6,234,50,3337,222,227,140,1784,Lodgepole_Pine
71029,2921,119,10,295,72,2636,237,232,125,2014,Lodgepole_Pine
38268,2955,114,8,297,42,3543,235,232,129,1643,Lodgepole_Pine
71037,2902,149,13,295,22,2026,236,239,130,1338,Lodgepole_Pine
103809,2943,322,8,270,59,3226,200,232,172,2148,Lodgepole_Pine
5512,2908,89,9,323,51,3275,234,225,122,2689,Lodgepole_Pine
38284,3069,124,11,134,14,1834,239,232,123,1852,Spruce_Fir
5535,3007,63,12,127,15,2821,230,215,116,1851,Spruce_Fir
38303,3083,55,12,360,8,1890,227,215,119,1148,Spruce_Fir
71090,2811,321,14,192,61,2536,184,226,182,1879,Lodgepole_Pine
38322,3023,14,11,170,23,1761,210,217,144,1670,Spruce_Fir
5556,3098,121,16,268,45,1945,246,225,103,1931,Lodgepole_Pine
38325,2761,55,13,85,7,2621,228,212,115,1831,Ponderosa_Pine
71095,2936,97,12,350,72,3300,240,222,110,2334,Krummholz
71106,2906,280,11,228,54,1889,191,241,190,1200,Lodgepole_Pine
5576,2743,69,12,201,12,1072,233,216,113,2022,Lodgepole_Pine
71118,2969,62,13,150,16,1471,230,213,113,2051,Lodgepole_Pine
5583,2815,159,12,120,31,3048,233,242,138,2520,Lodgepole_Pine
103903,3097,35,10,277,4,2804,219,219,135,2946,Lodgepole_Pine
38371,2969,167,13,228,67,1622,231,244,143,2735,Spruce_Fir
103919,3124,70,11,85,6,2929,232,218,117,2094,Spruce_Fir
5629,2931,56,13,108,11,1782,228,213,116,1559,Spruce_Fir
5634,2828,86,15,192,57,2227,241,214,99,2929,Spruce_Fir
71170,3101,131,10,335,38,1842,236,235,129,2908,Spruce_Fir
38406,2858,117,11,255,47,1332,239,230,120,3055,Lodgepole_Pine
71178,3041,10,11,242,26,2333,209,219,147,3025,Lodgepole_Pine
5643,3033,19,11,391,60,1382,212,216,140,2389,Lodgepole_Pine
103950,2900,89,11,256,39,2290,237,222,115,659,Aspen
71186,2816,137,9,120,16,2103,235,237,133,2248,Aspen
5662,2793,43,10,192,4,1657,222,219,131,1754,Lodgepole_Pine
5671,2839,73,9,124,16,2594,230,223,126,2782,Lodgepole_Pine
38440,2917,35,10,150,25,1716,219,218,134,2617,Lodgepole_Pine
38442,2991,341,11,150,46,3103,196,223,166,1481,Spruce_Fir
38455,2878,129,15,134,29,2610,243,230,111,2095,Lodgepole_Pine
5688,3003,59,14,60,15,2046,230,211,111,2872,Spruce_Fir
103998,2848,61,11,247,97,1365,229,217,120,1323,Douglas_fir
71235,3080,59,10,247,46,3800,228,219,124,2820,Spruce_Fir
71240,2880,140,14,212,48,908,240,235,121,1678,Lodgepole_Pine
5707,2998,312,14,297,87,2962,183,229,187,866,Lodgepole_Pine
71249,2928,100,12,150,35,3443,239,224,113,2318,Lodgepole_Pine
71254,2905,328,9,242,48,2981,199,230,171,1921,Spruce_Fir
71263,2782,56,13,376,69,1857,228,213,116,969,Lodgepole_Pine
71275,2821,39,6,201,23,1826,221,226,141,1850,Aspen
38509,3254,30,9,297,52,2040,218,220,137,1906,Lodgepole_Pine
38516,2871,42,13,180,2,1929,222,212,123,1964,Lodgepole_Pine
104053,3098,34,12,382,27,2636,218,214,130,2797,Lodgepole_Pine
71284,3167,52,11,384,47,2975,226,215,122,2761,Spruce_Fir
104061,2883,321,12,366,32,2416,188,228,179,2614,Lodgepole_Pine
71306,2841,153,14,268,66,1889,236,240,131,2106,Lodgepole_Pine
38540,3163,90,12,335,20,990,238,221,112,2048,Spruce_Fir
38541,2867,36,8,391,47,2197,220,222,138,2227,Lodgepole_Pine
104087,2927,340,16,297,44,3078,185,216,168,1786,Spruce_Fir
5785,2985,67,12,201,22,2248,232,215,113,2584,Lodgepole_Pine
38554,3058,30,12,330,70,2279,216,214,132,2647,Spruce_Fir
104096,3049,317,8,362,50,2761,200,233,173,1883,Lodgepole_Pine
71330,2821,114,15,258,30,2580,244,224,105,1739,Lodgepole_Pine
71341,2927,322,13,234,26,3038,186,226,180,1645,Spruce_Fir
5814,2918,39,13,342,69,2591,220,212,124,2047,Douglas_fir
5817,3012,42,13,362,13,1033,222,211,122,1739,Spruce_Fir
38593,3107,95,8,390,41,2468,233,229,128,2575,Lodgepole_Pine
71361,3072,107,11,390,31,1015,239,226,116,1771,Spruce_Fir
104133,2731,57,11,162,20,2197,228,216,120,2457,Lodgepole_Pine
104136,2927,218,14,272,41,1879,204,252,182,1771,Spruce_Fir
71371,2897,122,14,124,22,3050,242,229,113,1664,Lodgepole_Pine
71380,2776,80,13,216,18,1777,237,215,107,2471,Lodgepole_Pine
38619,2857,13,12,268,69,1434,208,215,142,2893,Spruce_Fir
104156,2878,133,13,218,46,1006,240,234,121,1785,Lodgepole_Pine
71389,3019,111,6,240,34,2007,230,234,137,1480,Lodgepole_Pine
5854,2906,167,12,134,18,2427,230,244,145,2616,Lodgepole_Pine
71394,3012,73,13,268,79,2087,235,213,107,2362,Spruce_Fir
38628,2878,59,10,382,52,785,228,220,125,1460,Aspen
71400,3010,76,9,234,34,1642,232,223,124,1851,Lodgepole_Pine
104171,3095,303,13,366,62,1405,184,233,190,1317,Spruce_Fir
5874,3060,65,13,234,6,3400,232,214,112,2902,Spruce_Fir
71413,2893,125,10,488,47,2568,236,233,127,2416,Douglas_fir
104187,2816,76,14,190,34,2335,237,212,104,3422,Lodgepole_Pine
71422,2851,157,8,330,23,2295,229,241,145,2106,Aspen
71425,2991,45,13,258,55,2837,223,210,119,1441,Lodgepole_Pine
71429,2913,172,12,170,45,3282,228,246,148,2016,Lodgepole_Pine
5897,3008,57,16,270,63,3017,229,203,102,1381,Aspen
104201,2769,76,6,285,39,2671,228,229,136,1986,Aspen
71434,2867,83,10,454,54,3322,235,222,119,2789,Lodgepole_Pine
71436,2958,333,16,301,51,3162,182,218,175,1530,Spruce_Fir
38667,3072,38,9,451,73,2931,221,221,135,1752,Lodgepole_Pine
38671,3004,279,12,360,27,1463,187,242,194,1500,Lodgepole_Pine
104218,3117,62,14,120,19,2177,231,211,110,2073,Spruce_Fir
104222,3034,58,8,216,16,1148,226,224,132,2605,Lodgepole_Pine
104231,2919,83,9,255,60,1645,233,224,122,1390,Lodgepole_Pine
71463,2846,39,9,268,45,2233,221,220,134,2885,Lodgepole_Pine
5932,2814,36,13,85,14,1871,219,211,126,2490,Lodgepole_Pine
38701,2825,339,11,277,47,1717,196,224,167,1406,Spruce_Fir
5934,2763,48,12,268,36,2746,224,214,122,2268,Lodgepole_Pine
38704,2896,61,9,268,45,2592,227,222,128,2640,Lodgepole_Pine
71479,2982,100,12,319,43,600,239,224,113,2164,Lodgepole_Pine
38721,2910,27,9,242,29,953,217,221,140,2131,Lodgepole_Pine
104263,2990,25,16,242,36,2206,210,203,125,2132,Spruce_Fir
5972,3190,78,10,270,29,1084,234,221,118,2018,Spruce_Fir
5974,3033,111,7,457,61,2471,232,233,134,2380,Spruce_Fir
38744,2949,119,8,150,21,1973,235,233,129,2400,Lodgepole_Pine
5991,2929,159,15,285,59,872,235,242,133,2007,Lodgepole_Pine
38761,3007,63,12,127,15,2821,230,215,116,1851,Spruce_Fir
71532,3032,98,11,268,34,1140,238,224,115,2814,Lodgepole_Pine
5996,2849,347,11,228,45,2249,198,222,162,2072,Lodgepole_Pine
6004,2990,87,12,306,70,1819,238,219,109,1350,Spruce_Fir
38783,3017,103,14,365,79,2044,242,222,106,1761,Lodgepole_Pine
38792,2809,81,9,150,45,1742,232,225,125,1302,Spruce_Fir
38807,3052,179,12,300,52,2240,225,247,153,1401,Lodgepole_Pine
104348,2924,80,9,190,51,1962,233,223,122,2239,Lodgepole_Pine
104350,2849,65,10,474,76,2401,230,221,123,2678,Lodgepole_Pine
104353,2873,45,9,390,48,2097,223,220,131,2282,Lodgepole_Pine
71591,2839,164,12,212,38,2713,231,244,142,2538,Lodgepole_Pine
38829,2744,305,10,331,48,2077,194,235,181,2113,Aspen
38836,2820,42,13,361,32,1061,222,210,121,1380,Spruce_Fir
71619,3010,76,9,234,34,1642,232,223,124,1851,Lodgepole_Pine
38875,2833,88,9,450,49,1852,234,226,124,1273,Lodgepole_Pine
104414,3021,63,7,210,3,1712,227,225,132,1776,Lodgepole_Pine
6111,3006,82,9,285,65,2414,233,225,124,2509,Lodgepole_Pine
71653,3053,19,11,395,8,1902,212,217,141,1329,Lodgepole_Pine
104431,2923,81,16,300,59,3162,240,209,95,2419,Lodgepole_Pine
104439,3037,105,8,361,65,2389,234,230,128,2352,Krummholz
104445,2748,50,12,201,24,2702,225,214,122,2201,Lodgepole_Pine
6150,3001,81,11,285,31,2202,235,219,114,696,Spruce_Fir
104456,2796,128,14,297,46,2431,242,231,114,2594,Lodgepole_Pine
6153,2960,166,14,430,74,1839,231,244,142,1926,Lodgepole_Pine
38931,3017,331,12,216,19,1981,192,225,172,752,Lodgepole_Pine
6165,2958,89,14,201,25,3742,240,217,104,2054,Lodgepole_Pine
38952,2947,94,10,437,83,3362,236,225,119,2240,Lodgepole_Pine
38953,2748,30,10,190,44,1464,217,217,135,2782,Lodgepole_Pine
38963,2851,343,9,255,48,2227,202,226,163,2042,Lodgepole_Pine
104500,2831,150,11,120,14,2077,235,240,134,2313,Lodgepole_Pine
71734,3117,78,10,450,23,1986,234,221,118,2375,Lodgepole_Pine
71741,2868,337,16,218,73,1606,184,217,171,1879,Spruce_Fir
71749,2731,12,10,342,60,2372,210,220,146,1994,Lodgepole_Pine
104519,3071,99,10,192,29,1519,236,227,121,2630,Lodgepole_Pine
104525,2926,333,14,127,43,3384,186,221,174,1702,Lodgepole_Pine
71766,2846,56,9,85,9,2506,226,222,130,2588,Lodgepole_Pine
71776,2968,45,10,201,20,4052,223,219,130,2051,Lodgepole_Pine
104548,3135,53,12,90,24,2419,227,213,118,1848,Spruce_Fir
39018,2948,321,9,351,22,1864,196,231,175,1307,Lodgepole_Pine
6254,2975,127,18,300,32,2524,247,225,99,2676,Lodgepole_Pine
6255,2743,52,9,242,30,2340,225,221,130,1572,Lodgepole_Pine
71791,2989,282,9,300,72,1543,195,241,186,1443,Lodgepole_Pine
104559,2900,67,16,228,36,3037,234,207,100,2537,Lodgepole_Pine
6260,2811,82,14,361,38,2251,239,214,103,2568,Lodgepole_Pine
6261,2838,93,8,153,37,2955,233,228,127,2188,Lodgepole_Pine
39034,2894,142,11,240,13,2462,236,237,130,2366,Lodgepole_Pine
71810,2811,105,13,216,20,2550,242,223,108,1740,Lodgepole_Pine
6275,2924,13,12,150,29,2089,208,215,142,3000,Spruce_Fir
71814,2891,75,11,120,27,3013,233,220,117,2585,Lodgepole_Pine
39046,3003,72,8,201,11,3061,229,226,130,1828,Lodgepole_Pine
39056,2806,40,12,335,26,1860,221,213,125,1661,Lodgepole_Pine
6291,2758,39,10,180,40,1529,221,219,132,2229,Lodgepole_Pine
39060,2971,106,6,210,0,2329,231,232,135,1890,Spruce_Fir
39061,3014,106,9,469,44,1395,235,229,125,2115,Lodgepole_Pine
71833,2724,52,8,180,13,2109,225,223,133,2550,Lodgepole_Pine
71837,3085,39,6,228,15,2663,220,227,142,1784,Lodgepole_Pine
6305,3047,25,11,258,11,1289,215,217,138,1782,Spruce_Fir
104609,2781,41,9,153,5,1982,221,221,134,2631,Aspen
39081,2861,59,14,306,73,1383,230,210,110,1484,Lodgepole_Pine
71863,2910,27,8,255,58,1718,217,222,141,2601,Lodgepole_Pine
39097,2982,38,8,212,43,1731,220,223,138,2568,Lodgepole_Pine
6332,3070,55,9,376,13,3114,226,221,128,1537,Lodgepole_Pine
71870,2826,53,14,182,70,1398,227,208,111,1531,Lodgepole_Pine
39107,2895,39,16,300,76,2301,219,202,113,1385,Lodgepole_Pine
39110,3092,115,11,218,60,2379,239,230,120,3360,Spruce_Fir
6351,2990,338,16,309,58,3015,183,216,170,1253,Lodgepole_Pine
39120,2991,72,7,150,22,2561,228,227,133,1707,Lodgepole_Pine
104668,2874,165,11,424,32,2436,230,244,144,2005,Aspen
104676,2836,58,17,240,53,1931,230,202,99,1998,Aspen
6373,2827,81,5,335,39,2524,226,231,140,1533,Lodgepole_Pine
71920,2890,153,11,376,46,2448,233,241,137,2060,Lodgepole_Pine
6410,2856,33,8,212,11,1342,219,222,139,2338,Lodgepole_Pine
6416,3106,311,9,175,31,2128,195,234,179,2318,Lodgepole_Pine
6419,2779,55,13,446,79,2143,228,211,114,2278,Lodgepole_Pine
71961,2914,89,12,242,50,3192,237,221,113,2438,Lodgepole_Pine
39199,2922,112,11,242,47,3039,239,228,118,1626,Spruce_Fir
71975,3002,20,12,201,25,892,212,215,139,2244,Lodgepole_Pine
6462,2942,120,16,258,69,1530,245,225,104,1988,Lodgepole_Pine
72006,2901,151,10,319,49,3257,233,240,138,2544,Lodgepole_Pine
72008,2871,15,14,256,10,1943,207,211,139,1746,Lodgepole_Pine
6475,3260,56,13,175,41,2880,228,213,116,2448,Spruce_Fir
39246,3006,80,9,218,20,953,233,223,122,2364,Lodgepole_Pine
72016,2952,53,5,324,50,3289,223,229,142,1879,Lodgepole_Pine
39263,2808,103,12,366,62,1710,240,224,112,2624,Lodgepole_Pine
39277,2897,137,15,134,28,1651,242,233,116,1308,Lodgepole_Pine
6522,2959,95,11,162,17,3443,238,223,114,2429,Lodgepole_Pine
39294,2868,110,7,218,36,1940,233,232,132,2384,Lodgepole_Pine
72075,3073,308,12,426,37,2336,188,232,185,1150,Spruce_Fir
6541,3013,36,14,170,-7,2396,218,208,123,2748,Lodgepole_Pine
39313,2969,36,13,268,33,1566,219,211,125,677,Spruce_Fir
6550,2976,97,13,361,50,1710,241,220,106,1747,Lodgepole_Pine
39320,2972,71,9,272,33,2454,231,222,124,2101,Spruce_Fir
72088,2910,277,11,301,26,1451,189,242,193,1405,Lodgepole_Pine
6566,2773,142,9,242,43,2372,233,238,136,2264,Ponderosa_Pine
72109,2769,127,9,228,39,2347,236,234,129,2290,Ponderosa_Pine
72111,3035,99,11,285,46,1144,238,225,117,2763,Lodgepole_Pine
6580,2919,120,7,234,53,3238,232,235,136,2036,Lodgepole_Pine
72131,2829,47,9,256,45,2497,223,221,132,1476,Lodgepole_Pine
6598,2783,32,9,134,12,2770,218,220,137,2215,Lodgepole_Pine
72147,2916,68,11,170,10,2230,232,218,118,2352,Lodgepole_Pine
72152,2876,80,11,391,56,2197,235,220,116,2782,Lodgepole_Pine
6616,2916,288,10,300,52,1939,192,239,188,960,Lodgepole_Pine
72155,3090,39,6,277,54,2242,220,227,142,1248,Spruce_Fir
6626,2894,326,10,228,51,2932,195,229,173,2010,Spruce_Fir
39400,2942,21,12,283,57,1638,212,213,137,1332,Lodgepole_Pine
39403,2988,217,12,242,57,2424,207,251,179,1434,Lodgepole_Pine
72176,2916,160,15,153,13,3247,234,242,135,1399,Lodgepole_Pine
39415,2990,117,15,362,92,2407,244,225,106,1895,Spruce_Fir
6649,2921,105,7,331,74,1632,232,232,133,2195,Lodgepole_Pine
6650,2850,70,10,182,37,3396,231,220,120,2717,Lodgepole_Pine
39438,2929,330,13,228,23,3045,188,224,175,1602,Spruce_Fir
104975,2814,56,14,382,6,1818,228,211,113,2496,Spruce_Fir
39441,2770,52,8,459,40,2639,225,222,131,2023,Lodgepole_Pine
72220,3025,49,9,283,-6,2480,224,221,131,2698,Lodgepole_Pine
6685,2700,72,10,295,74,2466,232,221,120,2416,Lodgepole_Pine
39453,2960,128,17,306,26,2553,245,228,106,2624,Lodgepole_Pine
39463,3259,54,13,170,35,2850,227,212,116,2477,Spruce_Fir
39469,2802,97,10,309,43,1136,237,225,119,2611,Lodgepole_Pine
72238,2955,107,12,295,63,1680,240,225,113,1860,Lodgepole_Pine
72241,2934,124,9,295,71,2803,235,234,130,1839,Lodgepole_Pine
39486,2861,85,11,295,104,1513,236,221,114,1535,Ponderosa_Pine
39501,2860,28,13,330,18,2550,215,212,131,983,Spruce_Fir
39503,2939,47,11,218,8,1939,224,216,125,927,Spruce_Fir
72275,2849,24,16,180,36,2955,210,205,128,1926,Lodgepole_Pine
39511,2910,66,13,360,31,558,232,214,111,1816,Spruce_Fir
39517,3135,58,9,210,35,2429,227,222,129,1638,Spruce_Fir
6756,2979,54,10,242,34,4095,226,218,124,1926,Lodgepole_Pine
6759,2903,36,12,457,61,2646,219,213,128,1146,Spruce_Fir
39531,2706,71,13,408,79,2469,234,214,110,2307,Lodgepole_Pine
39534,3041,90,8,313,39,1194,232,228,129,2872,Lodgepole_Pine
39537,2821,100,16,295,48,1976,244,217,98,2929,Lodgepole_Pine
72311,3086,312,13,170,19,2940,184,230,186,1487,Lodgepole_Pine
39543,2745,74,8,228,4,2370,230,224,127,1574,Lodgepole_Pine
39552,3114,108,9,420,48,2451,237,229,123,2563,Lodgepole_Pine
6786,2955,324,16,240,61,1717,178,221,182,1266,Lodgepole_Pine
6790,2953,158,15,400,67,1856,235,241,133,1902,Lodgepole_Pine
6791,2935,81,13,277,92,3502,237,216,107,2292,Lodgepole_Pine
39564,2933,111,10,153,26,3296,237,229,122,2496,Lodgepole_Pine
6798,2986,299,11,420,71,2823,190,236,186,1639,Lodgepole_Pine
39572,2945,168,17,379,59,1637,231,244,139,1708,Lodgepole_Pine
72347,2827,68,9,469,37,1900,229,223,126,1834,Lodgepole_Pine
105118,3175,45,13,323,52,3062,223,210,119,3239,Spruce_Fir
105120,3050,58,10,162,26,3522,228,218,123,2735,Spruce_Fir
105121,2830,303,13,127,32,2125,185,234,189,2072,Spruce_Fir
105123,2827,322,11,108,23,2252,192,229,177,2160,Spruce_Fir
72356,3028,97,16,150,21,2975,244,215,96,2042,Lodgepole_Pine
105127,3060,85,9,162,16,3425,233,225,124,2859,Spruce_Fir
39597,3140,28,11,201,31,2330,216,215,134,2188,Spruce_Fir
39603,2931,53,10,350,57,1900,226,218,126,2554,Lodgepole_Pine
105147,2863,37,14,153,17,3146,219,208,122,2523,Spruce_Fir
39618,2833,101,14,408,60,2342,243,220,103,2654,Lodgepole_Pine
72392,2967,95,10,451,42,2230,236,225,120,2644,Spruce_Fir
6862,2849,28,10,258,58,2285,216,217,136,2843,Krummholz
72423,3004,80,10,362,55,2155,234,223,120,693,Spruce_Fir
105203,2952,86,12,124,13,2307,237,221,113,2102,Spruce_Fir
39667,2851,157,8,330,23,2295,229,241,145,2106,Aspen
105209,2991,41,9,175,24,3672,221,221,134,2305,Spruce_Fir
39677,3015,326,17,192,56,2228,176,219,182,1072,Lodgepole_Pine
72448,3024,120,8,351,52,2372,234,234,131,2423,Spruce_Fir
6917,3053,19,11,395,8,1902,212,217,141,1329,Lodgepole_Pine
6938,2940,139,14,108,14,2486,241,235,120,1731,Lodgepole_Pine
72477,2925,53,11,366,29,725,227,215,121,1869,Lodgepole_Pine
6942,2835,335,15,234,25,1959,185,218,172,2486,Spruce_Fir
6945,2816,45,15,350,15,1880,223,206,113,2630,Spruce_Fir
6953,2961,327,13,300,40,1710,189,225,176,552,Lodgepole_Pine
39723,2833,29,11,391,30,2365,216,217,135,1661,Lodgepole_Pine
6955,2883,52,14,371,95,1518,226,210,114,2843,Spruce_Fir
6957,3153,69,12,180,48,2513,233,216,113,1789,Spruce_Fir
6956,2995,78,14,446,75,1937,237,214,105,1236,Spruce_Fir
72504,2830,76,9,170,24,2438,232,223,124,2922,Lodgepole_Pine
6972,2861,25,11,258,83,1999,215,216,137,2818,Lodgepole_Pine
6980,2946,304,15,256,49,1999,176,231,195,1549,Lodgepole_Pine
39752,2848,45,9,124,15,2763,223,220,132,2804,Lodgepole_Pine
6989,3036,339,15,127,23,2345,187,218,169,1749,Lodgepole_Pine
6997,3061,179,13,216,35,2012,225,247,152,1614,Lodgepole_Pine
105308,3019,83,8,300,12,1727,231,227,128,1774,Spruce_Fir
7005,3005,106,17,240,62,1744,246,217,94,2413,Lodgepole_Pine
105311,3054,322,8,300,32,2181,200,232,171,1332,Spruce_Fir
105314,3026,287,13,180,44,2575,184,239,195,953,Spruce_Fir
39779,2866,89,14,127,25,2890,240,217,104,2673,Lodgepole_Pine
105323,3068,75,11,283,33,2132,233,220,117,1354,Spruce_Fir
105335,3068,323,14,300,57,2658,184,225,180,842,Spruce_Fir
105337,2962,9,10,212,49,966,209,221,149,2116,Spruce_Fir
39818,3060,11,11,150,19,1894,209,218,146,1717,Lodgepole_Pine
72586,2802,72,14,474,46,1786,235,213,106,2148,Spruce_Fir
7070,3051,12,12,162,24,2821,208,216,144,1205,Lodgepole_Pine
39843,2960,131,10,323,30,3438,237,235,127,1176,Lodgepole_Pine
105381,3128,62,11,180,28,2388,230,216,118,1650,Spruce_Fir
39847,2830,78,10,360,59,1804,234,221,118,1972,Lodgepole_Pine
105384,3128,69,14,150,28,2389,234,210,104,1705,Spruce_Fir
7087,2700,86,11,170,51,2201,236,222,117,2072,Douglas_fir
105404,3172,88,6,285,57,2670,229,230,135,1829,Spruce_Fir
105406,3121,84,12,408,16,2093,237,220,113,2382,Spruce_Fir
72641,2758,35,9,295,20,2825,219,220,136,2308,Lodgepole_Pine
105413,3139,64,13,350,10,2173,232,212,110,2421,Spruce_Fir
39881,3052,329,15,242,43,2671,184,221,177,819,Spruce_Fir
39907,3041,10,11,242,26,2333,209,219,147,3025,Lodgepole_Pine
7143,2933,175,15,268,57,2995,227,247,148,1657,Lodgepole_Pine
39916,3040,177,8,297,44,2293,224,245,154,1316,Lodgepole_Pine
7170,2853,114,10,306,59,2233,238,230,121,1674,Lodgepole_Pine
7188,2970,60,10,162,20,960,228,219,123,2068,Lodgepole_Pine
105497,3255,68,12,192,54,3124,232,216,114,2324,Spruce_Fir
72732,2912,295,9,255,24,2991,195,238,182,2151,Spruce_Fir
105521,3099,91,10,395,28,1761,236,224,119,1514,Spruce_Fir
7219,2929,338,13,350,99,2257,192,222,168,1789,Spruce_Fir
7227,2897,59,12,300,18,511,229,215,117,1848,Spruce_Fir
40004,2902,98,12,277,11,1986,239,223,113,1454,Aspen
40010,2834,64,14,210,52,2389,232,211,108,3421,Krummholz
105551,3009,81,12,120,29,1190,236,219,112,2151,Spruce_Fir
40018,2806,36,11,150,7,1448,219,216,131,2524,Spruce_Fir
7250,2726,6,12,228,47,2045,205,216,148,1992,Lodgepole_Pine
7260,2797,154,10,418,32,1919,232,241,139,2018,Spruce_Fir
72798,2931,75,8,277,61,1846,230,225,127,2506,Lodgepole_Pine
40031,2752,39,10,242,22,2769,221,217,130,2250,Lodgepole_Pine
7264,3098,122,9,242,43,1926,235,233,129,1888,Lodgepole_Pine
40045,2753,73,13,480,23,2568,235,215,110,2103,Lodgepole_Pine
72819,2876,112,10,366,56,2216,238,229,121,2773,Lodgepole_Pine
72825,3014,122,12,247,19,3853,241,230,117,2449,Lodgepole_Pine
72831,2910,27,9,242,29,953,217,221,140,2131,Lodgepole_Pine
40076,2987,74,11,309,48,492,233,219,116,2081,Lodgepole_Pine
7310,2824,303,13,108,25,2148,185,234,189,2102,Spruce_Fir
105617,2862,43,12,390,20,2610,222,213,124,942,Spruce_Fir
105620,2881,39,13,451,39,2670,220,212,124,994,Spruce_Fir
105623,2873,18,11,256,31,2462,211,216,141,1092,Spruce_Fir
40090,3076,328,12,285,57,2751,190,226,175,782,Spruce_Fir
105630,2890,37,12,297,54,2412,219,213,127,1253,Spruce_Fir
105634,2915,31,11,424,79,2512,217,216,133,1318,Spruce_Fir
40101,2935,90,14,255,2,1919,241,216,101,1972,Lodgepole_Pine
72870,2921,90,11,277,67,3426,237,223,116,2790,Spruce_Fir
40104,2954,142,15,127,22,1944,241,235,119,2725,Lodgepole_Pine
40106,3024,127,12,300,44,1288,240,232,119,2489,Lodgepole_Pine
40109,3038,78,14,255,70,1290,237,213,104,1179,Lodgepole_Pine
40125,3067,113,9,247,43,3464,236,231,126,2799,Spruce_Fir
7361,2958,84,12,437,59,3446,237,219,111,2163,Lodgepole_Pine
7363,2969,36,13,268,33,1566,219,211,125,677,Spruce_Fir
105687,2996,61,6,234,19,2648,225,228,137,1613,Spruce_Fir
105703,3006,321,10,335,35,2962,195,231,175,743,Spruce_Fir
105713,3029,319,11,255,33,2980,192,230,178,853,Spruce_Fir
105723,3039,49,9,379,70,2248,224,221,131,2240,Spruce_Fir
7420,2776,40,14,242,3,1894,220,208,119,2366,Lodgepole_Pine
72970,2955,79,6,297,50,3523,228,229,135,1620,Lodgepole_Pine
40215,2966,331,13,255,38,3792,188,223,174,1296,Lodgepole_Pine
105755,3033,100,10,331,61,2359,237,227,120,2378,Spruce_Fir
7452,3057,36,12,324,58,1643,219,212,127,1189,Lodgepole_Pine
40223,2883,274,12,153,24,2197,189,243,193,1321,Aspen
7455,3109,134,15,180,11,1956,243,232,114,2232,Spruce_Fir
7462,2955,99,8,417,62,3492,233,229,128,2155,Lodgepole_Pine
73002,2947,40,8,180,19,1019,221,223,137,2290,Lodgepole_Pine
73008,2807,148,9,150,27,2951,232,240,139,2076,Lodgepole_Pine
7489,3027,324,13,162,39,2605,188,226,178,1855,Lodgepole_Pine
105797,3065,37,10,306,77,2215,220,218,132,2706,Spruce_Fir
73036,2871,29,9,201,29,2402,217,221,139,1110,Spruce_Fir
7508,2847,83,12,437,46,2594,237,219,112,2763,Lodgepole_Pine
7512,3033,301,13,95,33,2389,184,234,190,1563,Lodgepole_Pine
7517,2889,135,10,268,41,2962,237,236,129,2313,Lodgepole_Pine
7520,2973,284,10,300,58,2906,193,240,187,1471,Lodgepole_Pine
7526,2873,53,12,319,18,3068,227,215,120,2362,Lodgepole_Pine
7536,3028,294,10,301,58,2402,191,238,187,1148,Lodgepole_Pine
7537,3066,182,11,324,51,2165,223,247,156,1528,Lodgepole_Pine
105850,3096,57,7,242,19,2367,225,226,136,2142,Spruce_Fir
73087,3206,55,11,210,41,3300,227,215,120,2262,Spruce_Fir
105863,3111,11,9,255,13,2323,211,222,148,2266,Spruce_Fir
105866,3231,80,12,350,68,2407,236,219,113,1374,Spruce_Fir
40338,2838,90,9,268,47,2226,233,227,125,1710,Lodgepole_Pine
40339,3010,5,13,268,13,1761,204,215,148,1452,Lodgepole_Pine
7572,2746,51,13,120,16,2329,226,211,116,2322,Ponderosa_Pine
73112,3042,24,11,297,11,1234,214,215,136,1790,Spruce_Fir
73122,2805,82,15,234,41,1679,240,212,98,2007,Lodgepole_Pine
40354,2797,142,8,362,24,2160,232,238,139,2461,Lodgepole_Pine
105891,3125,50,11,443,44,1342,225,217,125,2659,Spruce_Fir
40361,2877,100,5,242,54,2874,229,233,138,2164,Lodgepole_Pine
40362,2809,36,7,192,14,1742,220,225,141,1800,Lodgepole_Pine
7595,3009,339,9,242,37,2254,200,227,166,2527,Spruce_Fir
40389,2866,17,9,319,42,1740,213,222,145,2802,Lodgepole_Pine
73164,2862,131,9,324,74,1505,235,235,131,1489,Lodgepole_Pine
40398,2863,147,15,150,25,2624,239,237,125,2504,Spruce_Fir
105944,3135,297,10,268,30,1357,193,237,184,2039,Spruce_Fir
40423,3131,90,9,228,15,2094,233,227,125,2526,Lodgepole_Pine
73191,3026,43,10,295,29,2711,222,218,130,834,Douglas_fir
40436,2814,121,11,324,43,1082,239,231,121,2643,Lodgepole_Pine
73214,3170,29,10,277,25,2363,217,219,137,2432,Spruce_Fir
105985,3053,315,13,170,34,1770,185,229,184,1583,Spruce_Fir
40451,2806,28,9,234,27,1631,217,220,139,1355,Lodgepole_Pine
7686,3005,86,7,272,66,2382,230,229,132,2482,Douglas_fir
40455,3005,28,12,153,15,2856,215,213,133,1813,Spruce_Fir
40459,2808,69,12,120,34,926,233,216,113,1908,Lodgepole_Pine
73230,2968,93,13,212,31,4094,240,220,108,2010,Krummholz
106009,3026,236,11,212,47,1825,202,249,185,1442,Spruce_Fir
7712,3090,102,10,351,19,1682,237,227,120,1500,Spruce_Fir
73251,2827,50,8,404,41,1914,224,222,132,1784,Lodgepole_Pine
7716,3079,149,13,162,24,1851,237,239,129,1891,Lodgepole_Pine
40491,3123,69,11,190,23,2361,231,219,119,1624,Spruce_Fir
73291,2852,76,12,162,19,2773,235,217,111,2791,Lodgepole_Pine
7760,2853,127,7,331,59,2192,232,236,136,1637,Lodgepole_Pine
73308,2887,62,7,234,18,3147,226,226,134,2694,Lodgepole_Pine
40543,2774,51,13,210,85,1390,226,211,117,2154,Lodgepole_Pine
7779,2729,67,12,95,7,2592,232,215,113,2087,Lodgepole_Pine
7782,2818,97,14,361,45,2282,242,218,102,2610,Lodgepole_Pine
7795,2834,56,9,218,34,1725,226,221,129,2620,Lodgepole_Pine
7800,2903,36,13,361,36,2929,219,211,126,2227,Cottonwood_Willow
7808,3161,51,16,216,57,2839,226,205,108,1489,Spruce_Fir
40581,3078,33,13,256,61,1399,217,210,126,2940,Spruce_Fir
73353,2848,53,10,342,66,2568,226,219,127,3393,Lodgepole_Pine
73358,3022,115,15,212,53,2192,245,224,104,2419,Spruce_Fir
40601,2896,83,6,283,17,3172,228,230,137,2242,Lodgepole_Pine
73371,2874,129,9,228,62,2539,235,235,130,2032,Lodgepole_Pine
7835,2980,133,10,309,66,1716,236,236,130,2790,Lodgepole_Pine
40614,2837,105,12,175,16,1173,240,225,113,1902,Spruce_Fir
106151,3202,86,7,228,22,2037,230,229,132,1842,Spruce_Fir
73399,3078,41,9,212,12,1490,221,221,134,1860,Krummholz
106167,3184,158,13,309,33,1931,233,242,137,1961,Spruce_Fir
7865,2916,84,14,150,13,1036,239,215,103,2213,Lodgepole_Pine
40640,2975,42,12,108,-2,1518,222,214,126,1994,Spruce_Fir
7880,3118,49,16,295,37,1187,225,205,110,2667,Spruce_Fir
40651,3203,115,12,212,38,3210,241,227,114,2187,Spruce_Fir
7889,2729,47,10,342,58,2347,224,217,127,2088,Lodgepole_Pine
73426,2961,341,14,190,40,1902,191,219,167,738,Lodgepole_Pine
7896,2754,107,11,228,22,1490,239,226,116,2414,Lodgepole_Pine
73432,3114,108,9,420,48,2451,237,229,123,2563,Lodgepole_Pine
40666,2874,17,14,324,55,1651,208,210,137,2821,Lodgepole_Pine
73441,3187,51,12,295,24,1981,226,214,120,3055,Lodgepole_Pine
106219,3086,35,10,240,13,1440,219,218,134,2962,Spruce_Fir
40685,2815,140,8,365,42,2412,233,238,136,2736,Lodgepole_Pine
40688,2951,27,8,362,72,2001,217,223,142,2526,Lodgepole_Pine
106224,3162,45,7,335,58,2976,222,225,138,1585,Spruce_Fir
7925,3076,69,11,234,62,1503,231,219,119,1177,Spruce_Fir
40715,2959,77,14,295,71,1900,237,214,105,1194,Ponderosa_Pine
106252,3017,22,11,324,11,2942,213,216,138,1350,Spruce_Fir
106254,2922,59,12,120,1,2125,229,214,116,2124,Spruce_Fir
106264,2904,74,14,150,19,1983,236,213,106,2292,Spruce_Fir
73500,2826,52,13,339,38,1090,226,211,116,1381,Lodgepole_Pine
106272,3057,18,12,192,26,2795,210,214,139,1080,Spruce_Fir
7979,3235,92,12,240,39,1347,239,221,110,1786,Spruce_Fir
73527,2908,148,12,216,42,3558,236,239,132,2734,Lodgepole_Pine
106308,2962,22,14,277,31,2023,210,208,132,875,Spruce_Fir
73547,3003,72,10,216,21,2340,232,220,119,1976,Lodgepole_Pine
8018,2956,71,13,192,19,4066,234,214,110,1831,Lodgepole_Pine
40789,3075,66,6,300,35,2873,226,228,137,1500,Lodgepole_Pine
73560,2947,94,10,437,83,3362,236,225,119,2240,Lodgepole_Pine
73565,2776,74,12,150,41,1548,235,216,111,2493,Lodgepole_Pine
40819,2945,66,11,339,72,1722,231,218,118,2889,Lodgepole_Pine
73601,3068,137,17,212,56,3154,244,232,111,2042,Lodgepole_Pine
8074,2896,34,10,162,21,1802,219,218,134,2250,Lodgepole_Pine
40843,3110,34,7,175,16,2268,219,225,142,1643,Spruce_Fir
106384,3080,69,13,218,63,1425,233,214,110,1167,Spruce_Fir
8085,3126,80,10,390,28,2039,234,223,120,2322,Lodgepole_Pine
106413,3035,314,14,283,51,1090,181,228,187,2401,Spruce_Fir
73645,2908,148,12,216,42,3558,236,239,132,2734,Lodgepole_Pine
106419,3059,32,11,162,42,1302,218,217,134,2861,Spruce_Fir
73651,2864,134,18,162,45,2630,245,229,106,2087,Lodgepole_Pine
40891,2899,69,12,391,53,1812,232,217,115,2910,Lodgepole_Pine
106428,3074,25,13,247,57,1382,213,212,133,2847,Spruce_Fir
106434,3124,17,12,330,29,1663,210,214,140,2824,Spruce_Fir
106437,3157,23,12,190,31,2090,212,214,136,2821,Spruce_Fir
8139,3038,45,15,180,50,2165,223,205,112,2771,Spruce_Fir
40907,3126,36,8,175,18,2221,220,221,137,2412,Spruce_Fir
40910,2840,99,10,134,19,1213,237,226,119,1813,Lodgepole_Pine
8145,2929,330,13,228,23,3045,188,224,175,1602,Spruce_Fir
40914,2992,42,13,484,51,2376,222,210,121,2713,Lodgepole_Pine
73684,3116,88,12,350,31,1855,238,220,110,1574,Spruce_Fir
8154,3005,28,12,153,15,2856,215,213,133,1813,Spruce_Fir
73727,2899,338,9,247,44,2647,200,227,166,2642,Aspen
73735,2888,306,15,417,61,1980,176,230,193,1415,Lodgepole_Pine
73740,2966,91,12,120,28,1936,238,222,113,2601,Lodgepole_Pine
73742,2837,106,9,85,13,2382,235,229,125,2326,Lodgepole_Pine
41007,2999,31,13,306,47,1221,216,212,129,2356,Spruce_Fir
73783,3032,324,14,134,25,2700,183,224,180,2279,Spruce_Fir
41017,2938,72,14,228,53,3511,236,211,103,2942,Lodgepole_Pine
73793,3092,338,16,255,59,2880,184,216,170,2408,Spruce_Fir
73796,2826,48,14,277,80,1325,224,209,116,2713,Lodgepole_Pine
73798,2998,2,8,256,69,2308,209,224,154,2419,Lodgepole_Pine
8266,2836,113,14,134,35,2890,244,224,107,2331,Lodgepole_Pine
73806,3104,90,10,390,26,1788,236,224,118,1539,Spruce_Fir
106580,2929,14,16,218,41,1771,203,206,137,1425,Spruce_Fir
73815,3119,131,9,283,38,1338,235,235,132,2750,Spruce_Fir
73821,2945,74,10,192,46,3304,232,222,122,1829,Lodgepole_Pine
8299,3040,47,15,170,21,3271,224,205,111,1559,Spruce_Fir
8303,2916,284,12,258,38,1189,187,240,192,1812,Lodgepole_Pine
41072,2962,129,12,162,29,1982,240,232,120,2781,Lodgepole_Pine
106614,2979,50,11,256,3,920,225,217,125,1613,Spruce_Fir
106617,2903,64,13,330,24,534,232,212,110,1832,Spruce_Fir
73856,2765,81,12,153,15,1584,237,218,110,1988,Lodgepole_Pine
73862,3033,50,12,182,17,3172,225,213,120,1634,Spruce_Fir
8326,3118,280,12,319,33,3127,186,241,195,1655,Lodgepole_Pine
106633,3034,61,12,313,113,2934,230,215,117,2241,Spruce_Fir
73867,2991,109,11,277,23,4080,239,228,119,2223,Lodgepole_Pine
41100,2835,138,12,242,14,2213,238,236,126,2163,Aspen
73868,2760,153,17,228,59,1672,238,239,125,2301,Lodgepole_Pine
106635,3030,25,10,339,12,1140,215,219,140,1777,Spruce_Fir
73892,2874,96,6,319,37,2527,231,231,133,2560,Lodgepole_Pine
8357,2828,28,10,366,52,3267,216,218,137,1224,Lodgepole_Pine
73908,2965,164,20,162,39,2486,234,242,129,1674,Lodgepole_Pine
41148,3067,88,11,192,33,3828,237,221,114,2760,Lodgepole_Pine
8381,3009,88,12,67,8,1718,238,220,112,1892,Spruce_Fir
41165,2942,125,12,342,76,3542,240,232,120,2641,Lodgepole_Pine
41174,2768,307,12,242,33,1710,186,232,187,1134,Krummholz
8415,2798,57,11,67,20,1874,228,216,120,1812,Aspen
41193,3027,72,8,192,26,3767,229,226,130,2527,Lodgepole_Pine
73964,3078,80,11,85,7,2026,234,221,118,1761,Spruce_Fir
73968,2729,23,12,335,58,2382,213,214,136,1931,Douglas_fir
106737,2939,98,14,108,7,2101,242,220,105,3005,Spruce_Fir
73985,2967,12,12,182,35,3126,208,216,144,1101,Lodgepole_Pine
8450,2736,75,11,190,10,1110,233,220,117,2032,Lodgepole_Pine
106767,3177,74,13,309,28,1053,235,215,109,2011,Spruce_Fir
73999,2782,82,15,366,63,2975,240,212,98,1388,Ponderosa_Pine
41236,3025,295,11,242,53,2329,189,237,188,1048,Lodgepole_Pine
8479,2923,81,16,300,59,3162,240,209,95,2419,Lodgepole_Pine
8484,2890,71,12,182,21,1964,233,216,113,2078,Lodgepole_Pine
8488,2884,35,13,426,57,1681,218,211,127,2905,Lodgepole_Pine
8494,3079,82,12,67,8,2039,236,219,113,1768,Spruce_Fir
8495,2881,54,14,108,31,3343,228,208,111,2420,Spruce_Fir
8498,2863,152,9,277,21,2304,232,240,139,2155,Lodgepole_Pine
8501,2809,160,14,120,25,3013,233,242,136,2460,Lodgepole_Pine
106806,2910,11,8,192,22,3012,211,223,148,2213,Spruce_Fir
74049,2900,156,11,430,52,2508,233,241,138,2016,Aspen
41283,2977,21,14,285,71,2628,210,209,133,1342,Aspen
41289,3044,40,7,180,21,3224,221,224,138,1556,Spruce_Fir
106829,2909,324,8,256,47,3004,199,231,172,1898,Spruce_Fir
41297,2852,286,14,272,61,2224,181,239,197,1863,Lodgepole_Pine
74071,2912,301,12,319,24,3013,186,235,189,2086,Spruce_Fir
8535,3218,72,12,270,53,3294,233,217,115,2206,Lodgepole_Pine
8538,3147,348,14,192,39,2030,193,216,161,1758,Spruce_Fir
106851,3140,66,13,120,22,2568,232,213,110,1253,Spruce_Fir
41315,2894,83,16,361,47,3247,241,210,94,2702,Lodgepole_Pine
106854,2948,326,12,309,42,3129,190,226,176,1595,Spruce_Fir
41327,2991,104,16,108,19,2108,245,218,98,2537,Spruce_Fir
106867,3171,70,9,295,16,1173,230,223,125,2282,Spruce_Fir
41332,2976,92,14,361,53,3589,241,217,103,2040,Lodgepole_Pine
8569,3033,28,15,390,25,1885,213,207,126,1521,Lodgepole_Pine
74111,2956,112,17,258,36,1889,247,220,96,1445,Spruce_Fir
74115,2954,113,12,201,34,3680,241,227,114,2092,Krummholz
74124,3197,40,11,391,38,3122,221,216,129,2779,Spruce_Fir
8593,2953,96,7,212,15,2081,232,229,129,2431,Lodgepole_Pine
8611,2961,108,13,335,80,1530,241,225,111,1899,Lodgepole_Pine
8622,3017,90,9,192,19,2936,233,227,125,1848,Lodgepole_Pine
8625,2982,62,17,162,44,1983,232,204,99,2431,Spruce_Fir
8628,3105,90,9,210,68,2467,233,227,125,1158,Spruce_Fir
74170,2951,92,12,60,11,1963,238,222,112,2616,Lodgepole_Pine
8642,2814,28,14,120,16,1837,214,210,129,1621,Lodgepole_Pine
41414,2768,82,10,323,33,1571,235,222,118,2505,Lodgepole_Pine
74190,2994,145,16,212,32,1556,240,236,120,2221,Lodgepole_Pine
41439,2915,51,9,339,49,2992,225,220,128,2160,Krummholz
8680,2817,310,14,134,32,1959,180,230,189,1994,Spruce_Fir
74219,2871,32,6,339,54,2337,219,227,145,2054,Lodgepole_Pine
74225,2880,139,5,216,54,2640,228,238,144,2135,Lodgepole_Pine
41459,3043,288,10,124,21,1771,193,239,186,1611,Spruce_Fir
107000,2851,46,17,170,38,3022,223,201,107,2239,Spruce_Fir
8701,2903,86,10,150,16,2142,235,223,119,2850,Lodgepole_Pine
107006,2961,315,13,277,40,1879,186,229,183,1749,Lodgepole_Pine
107012,2858,70,10,297,57,2949,231,220,120,2416,Lodgepole_Pine
107013,2996,34,11,258,31,828,219,216,132,1900,Lodgepole_Pine
107016,2979,333,12,309,8,1839,192,225,171,1705,Lodgepole_Pine
41493,3001,144,8,210,20,1740,232,239,138,1448,Spruce_Fir
74266,2924,53,7,153,25,1142,224,225,135,2314,Lodgepole_Pine
41500,2881,159,14,256,53,1075,234,242,136,2496,Lodgepole_Pine
107037,3029,289,12,175,67,1333,186,238,193,2078,Lodgepole_Pine
74268,3059,100,16,150,34,2503,245,215,94,1950,Lodgepole_Pine
41517,3004,97,8,150,32,2177,233,229,129,2522,Spruce_Fir
107065,2974,68,12,247,37,4120,232,216,114,2040,Lodgepole_Pine
107066,2833,106,8,150,32,2848,235,230,127,2398,Lodgepole_Pine
8766,3053,297,10,306,60,2647,192,237,184,1919,Lodgepole_Pine
41534,3024,162,12,242,44,1221,232,243,140,2424,Lodgepole_Pine
8779,2959,344,14,228,46,3025,192,218,164,2087,Lodgepole_Pine
8789,2947,73,10,421,83,3178,232,221,121,2322,Lodgepole_Pine
107104,2810,164,12,201,45,2555,231,244,142,2493,Lodgepole_Pine
107108,2923,317,11,212,42,966,192,231,179,2016,Lodgepole_Pine
8825,3042,56,9,371,73,2258,226,222,130,2251,Spruce_Fir
41608,3067,54,10,430,66,1533,226,218,125,2324,Lodgepole_Pine
74376,2994,155,13,424,75,1832,235,241,135,2689,Lodgepole_Pine
41614,3087,83,6,408,61,1689,228,230,137,2271,Lodgepole_Pine
107151,2953,83,11,212,22,3973,235,221,116,1719,Lodgepole_Pine
74403,2782,96,9,216,26,1781,234,228,125,1895,Spruce_Fir
41635,2829,42,7,300,39,1989,222,224,137,1756,Lodgepole_Pine
107176,2750,47,12,124,54,1318,224,213,121,2601,Lodgepole_Pine
41641,3152,23,10,212,27,2044,214,218,139,2813,Spruce_Fir
8874,2978,93,9,379,76,1745,234,227,125,2884,Lodgepole_Pine
41652,2826,74,12,424,62,1871,234,217,114,1885,Lodgepole_Pine
107190,2845,79,12,108,29,3302,236,218,112,1790,Lodgepole_Pine
74424,2976,5,13,170,11,2397,203,214,148,2067,Spruce_Fir
107199,2848,153,9,182,32,3378,231,241,141,1708,Lodgepole_Pine
74435,3150,117,9,242,34,2162,236,232,128,3066,Spruce_Fir
107214,2883,301,11,150,37,1781,190,236,186,1290,Lodgepole_Pine
107222,2948,108,14,277,49,1575,244,222,104,847,Lodgepole_Pine
74457,2878,29,13,258,23,3123,215,211,130,2364,Lodgepole_Pine
8921,2853,127,7,331,59,2192,232,236,136,1637,Lodgepole_Pine
8926,2793,98,16,255,32,3128,244,216,97,2496,Lodgepole_Pine
74467,3025,56,9,124,17,2477,226,221,129,1114,Spruce_Fir
41707,3155,75,11,190,26,2918,233,220,117,2023,Douglas_fir
107248,2736,43,11,404,31,1423,222,215,126,2311,Lodgepole_Pine
8945,2927,327,11,234,53,942,192,227,174,1986,Lodgepole_Pine
74480,3123,13,8,201,35,1935,212,223,148,1724,Spruce_Fir
107253,2882,128,14,192,49,2173,242,231,115,841,Lodgepole_Pine
41718,3053,327,10,201,15,1986,196,229,173,1663,Spruce_Fir
107256,2924,299,12,201,9,2804,186,235,189,1473,Lodgepole_Pine
8952,3020,333,8,210,50,2481,201,229,168,1057,Lodgepole_Pine
8953,2853,132,16,295,51,1084,245,229,108,2100,Lodgepole_Pine
74496,2859,27,13,309,17,1359,214,212,131,2230,Lodgepole_Pine
107274,2973,303,11,300,58,2925,190,235,185,1505,Lodgepole_Pine
41742,2851,112,10,192,23,1269,238,229,121,1800,Spruce_Fir
107280,2831,10,13,175,29,2040,205,213,143,2592,Lodgepole_Pine
41748,2991,79,12,240,53,2220,236,217,110,1919,Lodgepole_Pine
74516,3121,45,12,212,2,2416,223,214,123,1415,Spruce_Fir
107291,2965,16,12,216,37,3005,209,214,141,981,Lodgepole_Pine
41756,2887,25,12,242,49,2746,214,215,135,2571,Lodgepole_Pine
107296,3006,328,13,350,87,2877,188,224,175,1419,Lodgepole_Pine
107304,2848,10,11,426,72,2356,209,219,147,2255,Lodgepole_Pine
107308,2999,71,9,376,67,3195,230,223,126,918,Lodgepole_Pine
9012,3021,69,13,170,14,1978,233,214,110,1324,Lodgepole_Pine
9014,2883,149,12,170,35,3463,236,239,131,1731,Lodgepole_Pine
74552,2976,47,11,170,36,2951,224,217,126,1441,Spruce_Fir
41785,2958,66,10,170,19,2279,230,219,121,1952,Spruce_Fir
9017,2874,131,13,234,12,3137,241,232,119,2160,Lodgepole_Pine
74558,3086,312,13,170,19,2940,184,230,186,1487,Lodgepole_Pine
107326,2865,11,11,391,41,2376,209,218,146,2244,Lodgepole_Pine
41797,2876,23,10,150,24,3035,214,219,140,2650,Lodgepole_Pine
107335,2805,73,13,270,70,1600,235,214,108,2532,Lodgepole_Pine
9042,2829,45,10,420,58,1830,223,217,128,1207,Lodgepole_Pine
74581,2860,141,9,162,17,1909,234,238,134,2440,Lodgepole_Pine
107350,2891,21,15,424,49,2504,208,206,131,2118,Lodgepole_Pine
107360,2912,117,14,295,18,834,243,226,109,2457,Lodgepole_Pine
9056,3101,73,5,212,35,1661,226,230,139,2125,Lodgepole_Pine
41845,2961,58,9,150,23,2084,227,221,128,2497,Lodgepole_Pine
74622,2929,140,15,255,57,1661,241,235,120,2824,Lodgepole_Pine
41855,3004,140,11,153,16,1158,237,237,129,1818,Lodgepole_Pine
107393,2845,57,11,170,30,757,228,217,121,2564,Lodgepole_Pine
41858,3079,11,11,192,9,2498,208,217,145,2290,Spruce_Fir
41871,2787,163,10,362,30,1860,230,243,145,2078,Lodgepole_Pine
107410,3031,334,12,192,42,2510,192,224,171,1928,Lodgepole_Pine
74642,2897,151,8,350,47,3079,231,240,141,2382,Lodgepole_Pine
74644,2836,13,9,339,52,1604,211,221,146,2710,Spruce_Fir
107414,2924,132,16,268,60,2763,245,229,108,1889,Lodgepole_Pine
107415,3023,316,13,153,32,2634,184,228,183,1828,Lodgepole_Pine
9116,2923,315,16,170,38,3181,176,226,189,1911,Lodgepole_Pine
107420,3014,38,10,124,15,2932,220,217,131,1571,Lodgepole_Pine
9123,2838,90,9,268,47,2226,233,227,125,1710,Lodgepole_Pine
9124,2758,75,11,175,8,1590,234,219,116,1956,Lodgepole_Pine
41896,2958,100,10,301,75,2258,237,227,120,1703,Lodgepole_Pine
107439,2887,126,16,127,23,2755,245,227,106,1947,Lodgepole_Pine
74677,2859,27,13,309,17,1359,214,212,131,2230,Lodgepole_Pine
107446,2778,73,11,153,23,1825,233,218,115,2779,Lodgepole_Pine
74678,2833,107,9,420,49,1879,235,230,126,1277,Lodgepole_Pine
74683,2905,146,12,170,33,1584,237,238,130,2766,Lodgepole_Pine
74695,3052,355,12,277,67,2506,201,219,156,1989,Lodgepole_Pine
107463,2771,108,13,350,36,1518,241,225,111,2455,Lodgepole_Pine
74699,3008,70,13,228,16,967,233,214,111,2389,Lodgepole_Pine
74706,3029,19,11,256,2,1756,212,216,140,1292,Spruce_Fir
74709,2845,28,14,391,42,2382,214,209,128,1605,Lodgepole_Pine
9174,2960,113,13,95,7,2071,242,226,110,2780,Lodgepole_Pine
107481,2776,98,12,350,41,1585,239,223,113,2522,Lodgepole_Pine
41945,2862,142,14,150,29,2797,240,236,122,2208,Lodgepole_Pine
74715,3030,307,10,306,60,2407,193,234,181,1142,Lodgepole_Pine
41951,2903,63,7,170,10,1689,226,226,134,2068,Lodgepole_Pine
107489,2797,105,7,268,54,1673,232,232,133,2616,Lodgepole_Pine
107497,2793,156,8,270,44,1698,230,241,144,2640,Lodgepole_Pine
9199,2815,140,8,365,42,2412,233,238,136,2736,Lodgepole_Pine
107504,2898,7,12,162,28,2830,205,215,147,2040,Lodgepole_Pine
41974,2768,69,11,212,20,1698,232,218,116,1865,Spruce_Fir
9216,3107,87,12,418,5,2039,238,219,109,2434,Spruce_Fir
107521,2907,92,8,424,58,2598,233,227,126,2365,Lodgepole_Pine
107522,2932,131,15,234,58,1500,243,231,113,2046,Lodgepole_Pine
107541,2900,110,15,108,26,1590,244,223,104,2143,Lodgepole_Pine
74781,2944,111,8,210,15,1965,234,231,129,1871,Lodgepole_Pine
9245,3182,74,11,309,27,1455,233,219,116,1635,Lodgepole_Pine
42015,2940,126,8,192,41,3263,234,235,132,1871,Lodgepole_Pine
107552,3081,48,6,339,44,2780,222,227,140,1448,Lodgepole_Pine
74801,2831,82,13,162,4,2676,237,218,109,2571,Lodgepole_Pine
107573,2924,97,15,134,35,1740,243,218,101,2018,Lodgepole_Pine
107576,2768,62,9,216,37,1624,228,221,125,2294,Lodgepole_Pine
107583,2772,62,10,234,37,1632,229,218,121,2281,Lodgepole_Pine
107586,2927,36,10,255,60,1816,219,218,133,2501,Lodgepole_Pine
42050,2819,68,13,467,37,1863,233,214,112,1797,Lodgepole_Pine
42054,2921,105,7,331,74,1632,232,232,133,2195,Douglas_fir
107591,2754,107,11,127,27,1528,239,226,116,2160,Lodgepole_Pine
74830,3129,45,9,295,29,2415,223,220,132,1517,Spruce_Fir
107599,2922,58,9,339,55,1851,227,221,128,2571,Lodgepole_Pine
107598,2756,114,12,127,25,1566,241,228,115,2173,Lodgepole_Pine
9297,2912,108,9,339,54,1774,237,229,123,2619,Lodgepole_Pine
42077,2814,62,11,240,33,1471,230,217,119,1221,Lodgepole_Pine
9315,2746,101,8,210,16,2461,235,229,126,2297,Lodgepole_Pine
107627,2952,20,9,228,64,3331,214,221,143,1693,Lodgepole_Pine
42104,2855,36,10,124,3,2594,219,218,133,2442,Lodgepole_Pine
74873,2876,318,15,175,33,2605,181,226,185,2486,Lodgepole_Pine
42107,2947,307,12,362,32,2844,187,233,186,1500,Lodgepole_Pine
107644,3004,108,17,331,66,2072,247,218,95,1800,Lodgepole_Pine
107648,2864,14,9,283,58,2382,212,222,147,2737,Lodgepole_Pine
42116,2913,322,8,190,47,2954,200,232,172,1926,Lodgepole_Pine
74884,2893,166,14,234,7,1740,231,244,142,1539,Lodgepole_Pine
107655,3045,331,11,124,10,2135,194,226,172,1943,Lodgepole_Pine
42123,3071,67,12,212,23,2524,232,217,116,3004,Lodgepole_Pine
107663,2971,16,13,295,77,2160,208,213,140,2448,Lodgepole_Pine
107665,2776,125,6,272,27,2001,230,236,139,2411,Lodgepole_Pine
74901,2929,42,13,120,17,1620,222,212,123,1302,Lodgepole_Pine
74919,2946,102,16,201,48,2293,245,217,95,1958,Lodgepole_Pine
107687,3145,36,12,408,39,2200,219,212,127,1495,Lodgepole_Pine
107692,3096,327,11,162,21,2202,193,228,174,2245,Lodgepole_Pine
107694,2804,36,12,295,79,1129,219,212,127,1723,Lodgepole_Pine
42162,3020,298,14,218,50,2621,180,234,194,1766,Spruce_Fir
107698,3104,317,8,228,29,2154,198,233,174,2297,Lodgepole_Pine
107699,3150,47,15,342,44,2263,224,205,111,1556,Lodgepole_Pine
9398,3122,65,16,361,38,2741,233,205,98,2802,Lodgepole_Pine
9401,3006,176,15,270,55,2389,226,247,149,2899,Lodgepole_Pine
107706,2768,74,13,162,51,1275,235,215,109,1544,Lodgepole_Pine
9405,3020,333,8,210,50,2481,201,229,168,1057,Lodgepole_Pine
42180,3006,37,14,182,2,1683,219,209,123,1348,Spruce_Fir
9413,2850,173,15,285,50,2236,228,246,145,2028,Lodgepole_Pine
107717,3000,299,12,180,59,2430,185,235,190,2388,Lodgepole_Pine
42181,2844,145,8,150,39,2197,231,239,141,2463,Lodgepole_Pine
42184,2836,42,11,283,78,2550,222,216,128,779,Spruce_Fir
107723,2933,147,15,192,43,3205,239,237,125,1909,Lodgepole_Pine
107728,3163,150,17,210,22,2403,240,237,121,1570,Lodgepole_Pine
107729,2819,75,7,190,18,1273,228,228,133,1963,Lodgepole_Pine
107742,2798,15,8,201,35,1748,213,223,147,1871,Lodgepole_Pine
107743,3094,328,9,201,28,2281,199,230,171,2389,Lodgepole_Pine
9446,2961,102,6,228,65,3390,230,233,137,1657,Lodgepole_Pine
107755,2901,34,13,228,12,1521,218,212,128,2203,Lodgepole_Pine
9453,2821,22,13,255,35,2110,212,213,136,3013,Ponderosa_Pine
107758,3101,317,8,277,35,2343,200,233,173,2471,Lodgepole_Pine
107760,2900,63,11,216,19,1538,230,218,121,2162,Lodgepole_Pine
42224,3118,81,10,255,25,2758,233,223,121,2905,Lodgepole_Pine
107762,2997,68,9,319,53,3899,229,223,126,1419,Lodgepole_Pine
9461,2839,107,6,268,41,2015,230,233,137,1891,Lodgepole_Pine
75000,2982,87,9,360,43,1691,234,225,123,2455,Douglas_fir
9466,3173,21,13,210,44,2179,211,212,135,2807,Spruce_Fir
42238,2861,120,13,258,50,1371,241,229,115,3029,Lodgepole_Pine
75007,2878,49,14,108,14,2954,225,209,115,2635,Lodgepole_Pine
9472,3124,70,11,85,6,2929,232,218,117,2094,Spruce_Fir
107784,2931,343,11,242,52,3129,199,224,164,1973,Lodgepole_Pine
75020,3146,306,10,175,51,2073,192,235,183,1978,Lodgepole_Pine
9487,2920,75,11,127,10,2210,233,220,117,2293,Lodgepole_Pine
75023,3178,35,8,319,36,2697,219,223,139,1931,Spruce_Fir
9498,2770,58,9,212,40,2550,227,221,128,2095,Ponderosa_Pine
107804,2947,333,11,258,57,3237,195,226,170,1867,Lodgepole_Pine
107806,2831,63,7,190,33,1931,227,225,132,1834,Lodgepole_Pine
9504,2926,13,15,242,42,1742,204,208,139,2791,Lodgepole_Pine
107810,2811,29,13,175,15,1740,215,211,130,1571,Lodgepole_Pine
107811,2729,97,13,361,45,1358,241,221,108,2908,Lodgepole_Pine
42279,3022,53,12,342,-5,2475,227,214,119,2635,Lodgepole_Pine
107815,2826,53,12,390,59,1800,227,214,119,1224,Lodgepole_Pine
107819,3062,74,15,170,18,2483,237,210,101,3054,Lodgepole_Pine
9516,2943,28,14,228,48,2014,214,210,129,3055,Spruce_Fir
107824,2915,86,15,190,46,1967,241,213,98,2173,Lodgepole_Pine
42290,2876,28,9,242,34,2433,217,220,139,1129,Spruce_Fir
9525,2828,113,15,120,27,2903,245,223,104,2280,Aspen
42296,2842,130,14,242,40,1080,242,231,115,2052,Lodgepole_Pine
107833,3095,92,15,212,19,2673,242,216,99,2958,Lodgepole_Pine
42298,2966,336,11,309,79,2120,194,225,169,2467,Lodgepole_Pine
107837,2818,31,8,382,34,1691,218,222,140,1260,Lodgepole_Pine
9534,2878,118,4,283,66,2550,226,236,145,2081,Lodgepole_Pine
42303,2870,140,12,258,34,2588,238,236,127,2542,Cottonwood_Willow
9537,3150,143,12,192,34,2400,237,237,128,3065,Spruce_Fir
107846,2824,28,9,382,32,1731,217,220,139,1290,Lodgepole_Pine
107849,2891,16,13,300,22,2037,208,213,140,1900,Lodgepole_Pine
107854,2996,73,13,268,13,2341,235,213,107,2595,Lodgepole_Pine
107859,3151,67,13,255,31,2928,232,215,112,2890,Lodgepole_Pine
75099,2951,54,10,313,69,1988,226,218,125,2481,Lodgepole_Pine
107870,2937,35,13,424,68,2201,218,211,126,2047,Lodgepole_Pine
42336,2754,98,11,108,23,1577,238,224,115,2160,Lodgepole_Pine
107875,3033,49,10,277,-10,2538,224,218,126,2754,Lodgepole_Pine
107877,2889,84,15,216,25,2996,240,213,100,2577,Lodgepole_Pine
9574,2899,171,19,240,53,2122,229,245,140,1465,Lodgepole_Pine
42345,2951,102,10,277,59,1740,238,226,119,1871,Lodgepole_Pine
107885,3173,91,13,216,29,3076,240,218,106,2949,Lodgepole_Pine
75120,3074,132,7,234,37,1478,232,236,136,2691,Spruce_Fir
107895,2952,331,12,216,29,3744,192,225,172,1341,Lodgepole_Pine
75131,3102,315,13,361,32,2440,186,229,183,2402,Lodgepole_Pine
42367,3117,66,9,120,17,2335,229,223,127,1704,Spruce_Fir
9601,3067,89,13,192,32,2126,239,219,108,1366,Spruce_Fir
42371,3177,8,13,330,36,2283,205,214,145,1486,Lodgepole_Pine
107918,2853,34,11,150,23,2750,219,216,132,2621,Lodgepole_Pine
75150,2957,324,11,182,34,1651,193,229,175,685,Lodgepole_Pine
75156,3068,95,16,180,67,1961,244,215,96,2947,Spruce_Fir
9627,3108,336,13,309,17,2495,190,222,170,1020,Spruce_Fir
75176,2917,34,7,192,11,1761,219,225,142,1954,Lodgepole_Pine
42415,3015,15,11,192,28,882,210,217,143,1892,Lodgepole_Pine
42416,3010,27,11,201,36,876,215,217,137,1907,Lodgepole_Pine
75188,3181,108,11,150,18,2550,239,227,118,1573,Spruce_Fir
9654,2893,127,12,234,51,2160,240,232,120,819,Lodgepole_Pine
42424,2934,335,16,342,52,3116,183,218,173,1826,Spruce_Fir
9658,2994,80,11,180,31,1509,235,220,116,1878,Lodgepole_Pine
75203,2964,58,12,404,29,2007,228,215,118,895,Ponderosa_Pine
107971,2741,29,11,391,70,2442,216,216,134,1875,Lodgepole_Pine
42438,3047,41,13,319,63,1463,221,210,122,2300,Lodgepole_Pine
107996,2931,72,8,323,67,3264,230,224,127,2353,Lodgepole_Pine
42463,3102,72,6,212,39,1868,227,228,136,2069,Lodgepole_Pine
9699,2969,40,11,390,10,2268,221,216,129,2383,Douglas_fir
108008,2967,82,12,400,68,3435,236,219,113,2145,Lodgepole_Pine
75243,2937,83,8,240,8,2026,231,227,128,2316,Lodgepole_Pine
108020,3030,168,9,295,50,2345,228,244,148,1209,Lodgepole_Pine
9722,2687,81,11,268,74,2418,235,221,117,2370,Lodgepole_Pine
42501,2925,100,11,201,16,1638,238,226,118,1530,Krummholz
42503,3223,153,16,182,36,2200,237,239,127,1666,Spruce_Fir
75278,2851,139,10,297,63,1530,236,237,131,1443,Spruce_Fir
108048,2780,121,6,390,50,2748,230,235,139,1992,Lodgepole_Pine
108054,2710,69,13,306,71,2444,233,214,110,2402,Lodgepole_Pine
108060,2870,133,11,201,58,2563,238,235,125,2040,Lodgepole_Pine
75305,2949,258,13,212,74,2892,189,247,196,2121,Lodgepole_Pine
75314,3045,352,11,255,57,2497,200,221,159,1978,Lodgepole_Pine
42549,3131,90,9,228,15,2094,233,227,125,2526,Lodgepole_Pine
9782,2810,17,11,190,43,1809,211,218,142,1889,Lodgepole_Pine
42552,3008,19,9,170,47,1403,214,220,143,1377,Spruce_Fir
42554,2732,116,9,300,21,2058,236,231,126,2583,Douglas_fir
9787,3081,20,14,277,64,1409,209,210,135,2843,Spruce_Fir
9813,3008,97,6,270,20,1256,230,231,135,1932,Lodgepole_Pine
108122,2952,101,7,212,38,3618,233,230,130,2131,Lodgepole_Pine
75356,3118,45,8,330,28,2012,223,223,135,2188,Lodgepole_Pine
9823,2889,286,14,270,65,2885,179,239,199,2142,Spruce_Fir
42592,2941,340,14,319,57,3108,189,218,168,1722,Spruce_Fir
42596,3010,309,10,350,33,2992,192,233,182,764,Spruce_Fir
75364,2768,88,12,90,12,1839,238,220,110,1766,Lodgepole_Pine
108135,2977,98,9,309,44,3772,235,228,124,1973,Lodgepole_Pine
9843,3030,34,9,335,61,2182,219,221,137,2287,Spruce_Fir
108151,2892,56,11,342,21,3177,227,218,123,2669,Lodgepole_Pine
42616,2933,85,8,240,60,2014,232,227,128,2287,Lodgepole_Pine
42628,3171,50,13,342,25,1920,225,212,119,3042,Lodgepole_Pine
108165,2852,70,10,313,49,2643,231,220,120,1645,Lodgepole_Pine
9865,3266,81,9,234,48,2766,232,225,125,2538,Spruce_Fir
42637,3118,81,10,255,25,2758,233,223,121,2905,Lodgepole_Pine
108173,2908,42,7,228,77,2844,221,225,138,2032,Lodgepole_Pine
75413,3199,74,12,124,38,1591,235,216,111,2324,Spruce_Fir
42649,3113,41,14,319,33,3599,221,208,119,2714,Spruce_Fir
75419,2724,56,9,339,32,1300,226,222,130,2192,Lodgepole_Pine
75421,3018,320,14,124,30,2627,182,225,183,1816,Lodgepole_Pine
108190,2934,169,10,443,56,2612,228,244,148,2086,Lodgepole_Pine
9887,2936,32,14,480,67,2234,216,208,125,1948,Lodgepole_Pine
75426,2738,70,12,390,14,1414,233,215,112,2322,Lodgepole_Pine
108196,2929,143,10,331,27,2594,234,238,134,2438,Lodgepole_Pine
108202,2934,174,9,272,23,2563,226,245,152,2554,Lodgepole_Pine
42682,2949,45,7,351,67,1989,222,224,137,2518,Lodgepole_Pine
108226,2867,54,10,335,65,2761,226,218,125,1931,Lodgepole_Pine
9922,3102,300,9,210,36,1323,194,236,182,1468,Spruce_Fir
108231,2935,117,15,295,69,3631,244,225,106,2614,Lodgepole_Pine
108232,2777,52,13,170,3,1802,226,211,116,1423,Lodgepole_Pine
42698,3005,127,18,330,58,2509,247,225,100,2739,Lodgepole_Pine
9941,3022,97,8,190,42,1195,233,229,129,2105,Spruce_Fir
108246,2886,114,6,350,66,2946,232,233,135,2145,Lodgepole_Pine
108250,2853,105,13,190,49,2708,242,223,108,1996,Lodgepole_Pine
9952,3010,95,9,150,25,2092,234,227,124,1426,Lodgepole_Pine
42722,2976,62,13,192,21,914,230,213,113,2012,Lodgepole_Pine
108266,2891,131,5,323,41,3062,228,237,144,2402,Lodgepole_Pine
42731,2899,167,12,285,44,2405,230,244,144,2185,Lodgepole_Pine
9963,2879,132,7,234,53,2700,232,237,137,2201,Lodgepole_Pine
9968,2770,52,8,459,40,2639,225,222,131,2023,Lodgepole_Pine
108280,2865,112,12,108,17,2796,240,227,115,2315,Lodgepole_Pine
108284,2884,63,15,240,24,3141,232,209,106,2636,Lodgepole_Pine
75518,2843,36,11,295,83,1350,219,216,131,2707,Lodgepole_Pine
10002,3130,40,15,330,24,2279,220,207,118,1650,Lodgepole_Pine
10018,2926,78,11,60,10,2847,234,220,116,1449,Spruce_Fir
75554,2869,62,15,192,25,1371,231,208,106,1674,Spruce_Fir
10019,2915,284,12,182,8,2069,187,240,192,1207,Lodgepole_Pine
108322,2805,130,14,437,42,1953,243,231,114,1991,Lodgepole_Pine
10021,3028,294,10,301,58,2402,191,238,187,1148,Lodgepole_Pine
108327,2887,92,13,201,36,2576,240,220,109,2598,Lodgepole_Pine
108328,2862,45,13,201,16,1952,223,210,119,2718,Lodgepole_Pine
75560,2989,67,14,272,31,3798,233,211,106,1414,Lodgepole_Pine
42794,2887,40,12,454,45,2671,221,213,125,1024,Spruce_Fir
108346,2881,135,10,218,38,2002,236,236,131,2446,Lodgepole_Pine
75579,2784,78,10,319,28,2107,233,222,120,1812,Lodgepole_Pine
42812,2917,80,10,283,62,1630,234,223,120,1441,Lodgepole_Pine
42813,3100,91,9,335,29,1738,235,226,122,1548,Spruce_Fir
42814,2959,344,14,228,46,3025,192,218,164,2087,Lodgepole_Pine
108360,2849,51,13,212,27,1801,226,211,116,2700,Lodgepole_Pine
42825,2785,138,12,342,35,2374,238,236,126,2634,Lodgepole_Pine
108362,2940,42,14,437,80,2525,222,209,119,2460,Lodgepole_Pine
75595,3082,316,16,175,33,2861,177,225,188,1476,Lodgepole_Pine
108361,3008,116,12,228,66,3820,241,228,115,2670,Lodgepole_Pine
10064,3104,90,10,390,26,1788,236,224,118,1539,Spruce_Fir
75604,2834,102,10,127,13,2551,237,227,120,2760,Lodgepole_Pine
108377,2961,76,10,404,22,2543,232,222,121,2342,Lodgepole_Pine
108378,2905,68,13,470,64,1723,233,213,109,2977,Lodgepole_Pine
42844,2931,59,13,150,10,2148,230,211,112,2131,Spruce_Fir
108386,2958,58,6,319,19,2468,225,227,137,2280,Lodgepole_Pine
75620,2880,131,10,361,43,2529,237,235,127,2536,Lodgepole_Pine
75623,2968,294,13,283,75,2861,183,236,194,2125,Lodgepole_Pine
42856,2792,47,12,301,36,1972,224,214,122,1954,Lodgepole_Pine
42855,3152,336,10,210,47,2067,197,226,168,2045,Lodgepole_Pine
108394,2961,67,7,283,22,2452,228,226,132,2220,Lodgepole_Pine
10097,2762,29,12,170,24,1539,216,213,131,1889,Lodgepole_Pine
42866,3112,124,11,190,22,1032,238,232,124,1734,Spruce_Fir
42868,2833,150,15,242,23,1953,238,238,126,2407,Spruce_Fir
10108,2976,94,9,170,28,787,235,226,122,2363,Lodgepole_Pine
108418,2717,45,14,192,36,1698,223,208,116,2190,Lodgepole_Pine
108422,2836,41,10,242,0,1170,221,219,132,2398,Lodgepole_Pine
108426,2945,92,15,170,22,1965,242,216,99,2053,Lodgepole_Pine
10123,2780,32,14,247,7,1952,216,210,126,2382,Lodgepole_Pine
108431,2945,94,14,192,18,1959,241,218,103,2024,Lodgepole_Pine
42899,2839,73,9,124,16,2594,230,223,126,2782,Lodgepole_Pine
75670,2736,56,12,90,6,2324,228,214,117,2335,Ponderosa_Pine
108441,2918,80,7,270,12,1830,229,228,133,1994,Lodgepole_Pine
75674,2963,19,13,192,32,3019,210,212,137,1008,Lodgepole_Pine
42914,2861,99,17,190,37,2389,245,215,93,2280,Lodgepole_Pine
108456,2975,7,13,309,69,2571,204,214,146,1354,Lodgepole_Pine
10169,2879,77,9,313,26,2695,232,223,122,2445,Lodgepole_Pine
42937,2817,45,10,240,33,2442,223,217,128,1406,Lodgepole_Pine
75713,2753,148,8,240,23,2256,231,240,141,2382,Lodgepole_Pine
108482,2841,95,12,175,44,2419,239,222,112,3065,Lodgepole_Pine
75733,2922,53,7,300,38,3458,224,224,134,2192,Lodgepole_Pine
42970,2812,31,14,313,11,1894,216,209,127,2765,Lodgepole_Pine
108508,2891,47,11,201,16,2072,224,217,126,1940,Lodgepole_Pine
10205,2850,114,14,150,27,2639,243,225,108,2839,Lodgepole_Pine
75743,2973,323,12,90,25,2005,189,227,178,1082,Lodgepole_Pine
108513,3037,45,8,218,14,3247,222,223,136,1648,Lodgepole_Pine
108517,2837,74,14,153,32,2414,236,213,106,2979,Lodgepole_Pine
10232,2789,131,9,182,49,3049,236,235,130,2774,Lodgepole_Pine
43002,2907,33,11,382,71,2478,218,216,133,1295,Spruce_Fir
108540,2852,66,10,285,52,2547,230,219,121,3075,Lodgepole_Pine
43004,2708,63,8,242,54,2244,227,224,131,2078,Douglas_fir
75794,2838,74,12,335,48,2583,235,217,112,1598,Lodgepole_Pine
75796,3010,81,10,67,11,2919,234,222,118,1543,Spruce_Fir
108579,2936,98,14,150,88,2220,243,219,102,1677,Lodgepole_Pine
10277,2766,85,6,256,36,2647,228,230,136,2012,Aspen
108597,2972,15,13,258,44,1956,208,213,141,808,Lodgepole_Pine
10308,2868,324,8,258,44,2449,200,231,171,2451,Ponderosa_Pine
43083,2894,326,10,228,51,2932,195,229,173,2010,Spruce_Fir
108625,2973,300,13,295,65,1848,183,234,191,973,Lodgepole_Pine
43089,3082,69,11,108,22,2277,232,218,116,1260,Lodgepole_Pine
10324,2781,90,8,240,46,1639,232,228,129,2582,Lodgepole_Pine
43097,2797,137,15,212,47,2506,242,233,116,2509,Lodgepole_Pine
10341,2876,20,15,256,40,2686,208,207,133,2663,Lodgepole_Pine
10346,2891,312,14,190,27,2096,182,229,187,849,Lodgepole_Pine
43125,2841,122,15,120,45,1524,244,227,107,1899,Lodgepole_Pine
108662,2837,120,9,170,19,2512,236,232,127,2773,Lodgepole_Pine
75899,3117,104,12,108,11,2505,240,225,114,1739,Lodgepole_Pine
75900,2725,11,11,313,54,2347,208,217,145,1991,Douglas_fir
10372,3007,14,10,162,42,1952,210,218,144,1273,Lodgepole_Pine
108689,2927,67,9,295,0,859,229,222,125,2342,Lodgepole_Pine
75928,3026,72,12,150,20,3013,233,217,115,1477,Lodgepole_Pine
43161,2916,84,14,150,13,1036,239,215,103,2213,Lodgepole_Pine
43162,2947,310,11,216,20,1911,189,232,183,1797,Lodgepole_Pine
10398,3126,90,10,216,31,934,235,224,120,2553,Lodgepole_Pine
43171,2921,167,17,150,58,1608,232,244,137,2649,Lodgepole_Pine
75943,2979,48,11,218,19,2100,224,215,123,930,Lodgepole_Pine
75946,2904,290,13,295,51,2138,184,238,194,1323,Lodgepole_Pine
75948,3095,90,12,433,18,1892,239,220,110,2285,Lodgepole_Pine
108716,3025,62,14,361,49,1170,231,211,109,1124,Lodgepole_Pine
108740,2952,103,9,201,24,1044,235,229,125,2300,Lodgepole_Pine
108745,2797,129,13,255,10,2297,241,232,119,2060,Lodgepole_Pine
10449,2822,87,14,180,53,1744,240,216,104,1731,Aspen
75989,2865,77,13,108,12,2896,236,216,110,2687,Spruce_Fir
43228,3046,343,11,150,31,1800,199,224,164,1557,Spruce_Fir
43233,2887,41,14,323,45,2732,221,208,119,2655,Aspen
108770,2784,305,11,395,57,1891,189,234,185,1194,Lodgepole_Pine
10468,2958,132,11,418,24,2676,238,234,124,2501,Lodgepole_Pine
108775,2985,87,10,108,21,1442,236,223,118,1994,Lodgepole_Pine
10472,2763,73,11,256,28,1570,233,218,115,2496,Lodgepole_Pine
108784,2969,102,10,124,3,1392,238,226,119,2069,Lodgepole_Pine
43249,3064,252,12,277,51,1608,194,248,192,1465,Spruce_Fir
43254,3010,80,13,162,38,2167,237,217,109,2483,Spruce_Fir
10493,2893,45,10,342,42,2513,223,218,129,2580,Lodgepole_Pine
43286,3004,68,9,240,27,875,229,223,126,2250,Lodgepole_Pine
108825,2770,115,10,216,11,2220,237,231,124,1465,Lodgepole_Pine
43293,3042,313,12,150,10,2033,187,230,183,1290,Spruce_Fir
10532,2981,343,16,162,36,3055,187,215,166,1507,Spruce_Fir
76068,3049,14,10,192,28,2760,211,220,145,1158,Lodgepole_Pine
108839,2850,88,7,300,34,3020,231,228,129,2708,Lodgepole_Pine
108841,2810,42,14,300,64,1666,222,209,120,2620,Lodgepole_Pine
43309,2922,78,14,212,37,3455,237,214,105,2932,Lodgepole_Pine
76078,2999,36,11,124,9,2861,219,215,130,1784,Spruce_Fir
43311,3001,35,10,309,59,2080,219,218,134,741,Lodgepole_Pine
76081,2920,77,13,190,21,1103,236,216,108,2278,Lodgepole_Pine
10547,2883,335,13,175,28,2726,191,223,171,2704,Lodgepole_Pine
108865,3105,61,9,234,33,2372,227,222,128,1142,Lodgepole_Pine
43340,2767,45,9,240,40,1964,223,221,133,1463,Lodgepole_Pine
43344,2821,62,9,180,21,1776,228,221,125,2550,Lodgepole_Pine
10591,2886,153,14,201,55,2863,236,240,131,3056,Lodgepole_Pine
43360,2867,96,9,234,31,2940,234,228,125,2384,Lodgepole_Pine
10597,3215,32,11,212,19,2249,218,217,134,1638,Spruce_Fir
10599,2805,103,6,309,31,2474,231,232,134,2601,Lodgepole_Pine
43368,2953,69,13,95,9,2965,233,214,110,1248,Spruce_Fir
10601,2989,47,12,390,6,912,224,214,122,1746,Spruce_Fir
43381,3090,72,11,150,9,1324,233,218,116,2819,Spruce_Fir
43388,2982,100,12,319,43,600,239,224,113,2164,Lodgepole_Pine
10621,2967,109,9,150,35,1570,236,230,124,2522,Lodgepole_Pine
108937,3016,35,12,395,63,1262,219,214,129,2391,Lodgepole_Pine
108946,3024,42,13,421,64,1302,222,211,122,2431,Lodgepole_Pine
43421,2875,148,9,201,27,2871,232,240,139,2270,Lodgepole_Pine
10653,2822,65,12,454,92,2729,231,216,116,1905,Lodgepole_Pine
10659,2925,305,15,234,67,2766,177,231,193,2224,Spruce_Fir
76198,3072,26,11,228,55,1370,215,215,136,2881,Spruce_Fir
76201,2872,148,17,170,33,3444,240,236,119,1717,Lodgepole_Pine
43437,2941,126,9,335,54,3294,235,234,130,1776,Lodgepole_Pine
10678,3096,81,9,180,-1,2223,233,224,123,2295,Spruce_Fir
43447,2731,42,13,384,46,1415,222,210,121,2890,Lodgepole_Pine
43449,2899,135,13,446,46,1671,240,234,120,2742,Lodgepole_Pine
10703,2804,117,11,175,33,1293,238,230,121,1874,Lodgepole_Pine
10712,2951,326,10,270,52,3282,195,229,173,2120,Lodgepole_Pine
109017,2971,298,9,283,59,1593,195,237,182,847,Lodgepole_Pine
10745,2964,308,10,297,37,1851,191,234,182,1775,Lodgepole_Pine
109055,3007,37,10,297,30,1073,220,218,132,2244,Lodgepole_Pine
76293,2863,152,9,277,21,2304,232,240,139,2155,Lodgepole_Pine
109065,3115,301,11,324,40,3102,190,236,186,1655,Lodgepole_Pine
109066,3102,61,6,256,27,1939,225,228,137,2117,Lodgepole_Pine
76302,2819,134,14,277,28,2769,241,233,118,2516,Lodgepole_Pine
109071,3029,50,7,335,49,1221,224,224,135,2394,Lodgepole_Pine
43536,2912,111,12,212,33,3280,240,227,116,2416,Lodgepole_Pine
109082,3112,39,6,277,29,2001,220,227,142,2123,Lodgepole_Pine
109084,2976,266,13,242,74,2287,186,245,198,1377,Lodgepole_Pine
10781,3143,86,12,255,27,2101,238,219,110,3112,Spruce_Fir
109086,2746,124,7,175,23,2516,232,235,136,1819,Lodgepole_Pine
109087,3115,36,6,295,28,2014,220,226,143,2135,Lodgepole_Pine
109092,2916,8,9,175,31,1718,210,223,150,1360,Lodgepole_Pine
109098,3008,141,15,180,28,1181,241,235,120,2399,Lodgepole_Pine
76339,2964,75,7,390,65,3322,228,228,133,2190,Lodgepole_Pine
76342,2996,122,13,362,85,2448,242,229,114,1816,Lodgepole_Pine
43575,3086,312,13,170,19,2940,184,230,186,1487,Lodgepole_Pine
10818,3074,132,7,234,37,1478,232,236,136,2691,Spruce_Fir
43588,2866,349,13,283,45,2414,195,218,161,2695,Lodgepole_Pine
43600,2953,100,11,300,80,1500,238,225,116,1956,Lodgepole_Pine
10833,2931,298,16,212,39,2066,174,233,198,1514,Lodgepole_Pine
43606,2726,31,12,324,47,2376,216,213,130,1899,Douglas_fir
109143,2746,51,10,190,19,2714,225,218,126,2192,Lodgepole_Pine
76376,2971,303,13,256,64,1637,183,233,190,1355,Lodgepole_Pine
43612,2930,152,10,162,29,3417,233,240,137,1705,Lodgepole_Pine
76392,2970,317,11,180,33,1741,190,230,180,655,Lodgepole_Pine
43625,2992,278,13,258,94,2391,185,242,196,1455,Lodgepole_Pine
109164,3025,95,10,258,14,1044,237,225,118,2505,Lodgepole_Pine
109168,3109,82,15,150,25,1851,239,213,100,2784,Lodgepole_Pine
10867,2902,135,11,283,89,2072,238,235,126,1095,Lodgepole_Pine
109178,3011,96,15,295,45,1044,242,218,101,2563,Lodgepole_Pine
10886,2961,112,15,210,59,1557,244,224,105,2704,Lodgepole_Pine
109193,3160,141,13,255,44,1351,239,236,124,1805,Lodgepole_Pine
10901,3100,74,7,234,5,1651,229,227,132,2148,Lodgepole_Pine
109207,2753,164,10,182,29,2713,230,243,145,2356,Lodgepole_Pine
10910,2903,28,12,361,61,2527,215,213,133,2106,Lodgepole_Pine
109214,3022,99,8,212,33,1080,233,229,128,2784,Lodgepole_Pine
10916,3038,77,11,324,40,4201,234,220,117,2479,Spruce_Fir
76467,3041,148,12,182,26,1691,236,239,131,1084,Spruce_Fir
76469,2739,128,16,228,49,1776,245,228,107,2296,Lodgepole_Pine
109238,3056,93,9,295,40,1233,234,227,125,2821,Lodgepole_Pine
10940,2902,126,13,134,26,3027,241,231,117,1677,Lodgepole_Pine
76487,2850,131,15,182,29,2376,243,231,114,2738,Lodgepole_Pine
10956,2971,315,14,300,50,1782,181,228,186,636,Lodgepole_Pine
109268,3049,76,10,108,20,1203,232,222,121,2617,Lodgepole_Pine
43733,2745,140,11,153,39,2599,236,237,130,2245,Lodgepole_Pine
76503,2825,80,13,85,25,2326,237,215,107,2992,Lodgepole_Pine
10968,2948,75,15,277,70,1624,237,210,100,2782,Lodgepole_Pine
43747,3106,311,15,240,46,3395,179,228,189,2132,Spruce_Fir
109291,2739,45,13,228,39,2236,223,211,120,2197,Lodgepole_Pine
109298,2795,41,16,270,44,1207,221,204,115,2323,Lodgepole_Pine
10995,2840,71,11,60,15,2601,233,218,115,2495,Lodgepole_Pine
43764,2971,102,11,60,10,2011,239,225,116,2574,Spruce_Fir
76533,2888,41,13,450,61,1682,221,211,123,2924,Lodgepole_Pine
76534,2951,77,15,190,15,949,238,211,100,2078,Lodgepole_Pine
76537,2779,57,15,247,44,1530,229,207,108,2455,Spruce_Fir
76557,2866,341,11,295,35,2382,197,224,165,2518,Lodgepole_Pine
11030,3045,36,8,192,19,2842,220,221,137,1130,Spruce_Fir
43809,2961,75,14,190,24,4084,236,213,105,1890,Lodgepole_Pine
109351,2813,22,14,391,71,2531,210,208,132,2588,Lodgepole_Pine
11055,2905,51,9,301,16,2372,225,220,128,1414,Douglas_fir
43826,2911,324,13,150,37,1025,186,225,179,2032,Lodgepole_Pine
109367,2833,57,8,351,82,2736,226,223,132,2796,Lodgepole_Pine
43842,2908,149,14,335,70,983,237,239,128,2431,Lodgepole_Pine
11083,2910,17,15,210,40,1851,207,208,135,2881,Lodgepole_Pine
76620,2829,54,13,175,69,2495,227,211,115,2871,Lodgepole_Pine
11093,2753,52,14,180,35,1500,226,209,113,2203,Lodgepole_Pine
43867,2882,132,13,297,34,3577,241,233,120,1611,Lodgepole_Pine
43868,2741,72,12,201,30,2202,234,216,112,2445,Lodgepole_Pine
43872,3118,80,13,170,10,2843,237,216,108,2981,Lodgepole_Pine
11107,2815,70,14,450,51,1842,235,212,106,1819,Lodgepole_Pine
43884,2735,35,10,175,58,1641,219,218,134,2176,Lodgepole_Pine
11126,2994,27,12,192,21,854,215,214,134,2202,Lodgepole_Pine
43895,2745,61,12,210,20,1296,230,214,115,2037,Lodgepole_Pine
43911,3133,130,16,190,14,2160,244,230,110,2124,Lodgepole_Pine
43922,2953,313,15,124,38,2070,177,227,190,2277,Lodgepole_Pine
76691,2971,106,6,210,0,2329,231,232,135,1890,Spruce_Fir
109460,2751,150,9,390,35,1740,232,240,139,2202,Lodgepole_Pine
109463,2949,79,12,60,8,1982,236,217,110,2639,Lodgepole_Pine
43929,2952,25,16,210,31,2195,211,204,126,2147,Spruce_Fir
76699,3058,32,13,247,70,2207,216,210,127,2755,Spruce_Fir
11167,3011,45,14,366,50,2455,223,208,116,2594,Lodgepole_Pine
11174,3139,128,13,162,30,2343,241,231,117,2505,Spruce_Fir
11176,2790,144,10,268,66,3009,235,238,133,2628,Ponderosa_Pine
43947,3018,113,12,277,46,2304,241,227,114,2445,Spruce_Fir
11180,2864,27,9,297,42,1740,217,221,140,2784,Lodgepole_Pine
109491,2788,27,10,240,15,2012,216,219,138,2422,Lodgepole_Pine
43965,3117,78,10,450,23,1986,234,221,118,2375,Lodgepole_Pine
109518,2814,107,13,324,41,2285,241,224,110,2652,Lodgepole_Pine
109522,2744,67,9,331,28,1717,229,222,125,2281,Lodgepole_Pine
109525,2972,88,9,313,70,1678,234,226,124,2818,Lodgepole_Pine
44002,2941,61,10,216,43,2292,228,220,124,541,Lodgepole_Pine
11234,2826,103,9,190,24,1020,235,229,125,2067,Lodgepole_Pine
11253,2945,84,12,309,52,3458,237,220,113,2226,Lodgepole_Pine
76801,3031,97,8,418,59,2436,233,229,129,2388,Spruce_Fir
44039,2830,132,13,212,13,2183,240,233,121,2188,Aspen
44041,2948,72,16,120,19,2372,236,208,98,1866,Lodgepole_Pine
44057,2844,134,14,95,25,2687,241,233,118,2044,Lodgepole_Pine
109602,2787,91,10,124,14,2151,236,224,119,2659,Lodgepole_Pine
11307,3177,101,13,256,22,1183,242,222,108,2241,Spruce_Fir
44077,2962,313,12,150,49,1556,189,231,182,1455,Lodgepole_Pine
11309,3178,27,15,313,51,2145,212,206,127,2698,Spruce_Fir
109616,2727,60,9,234,11,1595,228,221,126,2352,Lodgepole_Pine
76866,2794,115,5,277,24,2282,229,235,140,1863,Lodgepole_Pine
76886,2951,99,14,134,33,3413,243,220,103,2416,Lodgepole_Pine
109663,3009,123,13,335,78,2479,241,230,115,1338,Lodgepole_Pine
11364,3073,72,10,162,23,3746,231,221,122,2639,Spruce_Fir
11372,3099,54,9,297,28,2632,225,221,130,2881,Ponderosa_Pine
11378,2829,124,13,268,5,2766,241,231,117,2550,Lodgepole_Pine
76931,3056,38,10,108,16,2977,220,217,131,1398,Lodgepole_Pine
11427,3010,18,12,162,44,1465,210,214,139,1419,Lodgepole_Pine
11430,3088,155,13,228,33,1929,235,241,133,1804,Lodgepole_Pine
11433,2972,49,9,283,36,4090,224,220,130,1711,Lodgepole_Pine
76969,2913,66,9,242,13,1797,229,223,127,2126,Lodgepole_Pine
11435,2948,30,11,335,53,816,216,215,133,1789,Lodgepole_Pine
76972,2987,294,14,175,44,1917,179,236,196,1170,Spruce_Fir
76977,2897,338,13,350,24,2309,192,222,168,2561,Lodgepole_Pine
44215,2757,139,13,120,33,2753,239,236,124,2435,Lodgepole_Pine
109753,2883,24,14,228,28,3182,212,209,131,2340,Lodgepole_Pine
44220,2988,43,8,285,0,2618,222,222,135,1406,Spruce_Fir
76991,2836,335,13,323,49,2605,191,223,171,1731,Lodgepole_Pine
109773,2794,322,14,216,70,2436,184,226,181,1900,Lodgepole_Pine
109774,2825,80,10,124,34,2089,234,223,120,1771,Lodgepole_Pine
109776,2725,59,13,162,36,1698,230,211,112,1682,Lodgepole_Pine
44240,2860,22,8,277,69,2341,215,222,144,2779,Lodgepole_Pine
77012,2853,88,9,342,48,2642,234,226,124,1663,Lodgepole_Pine
77015,2590,50,11,255,42,1914,225,216,124,2093,Lodgepole_Pine
109786,2836,30,13,134,34,2084,216,211,129,1396,Lodgepole_Pine
44263,2764,26,13,309,26,2813,213,211,132,2316,Lodgepole_Pine
77032,2874,129,10,192,12,3173,236,234,128,2120,Cottonwood_Willow
11498,3045,49,16,201,26,3231,225,203,108,1624,Spruce_Fir
77049,2847,152,10,306,46,2669,233,240,138,2630,Lodgepole_Pine
44281,2898,32,9,218,9,2279,218,221,139,1415,Spruce_Fir
11517,2954,160,13,390,51,3012,233,242,137,1608,Lodgepole_Pine
44287,3035,40,12,150,24,1840,221,213,125,1774,Spruce_Fir
77074,2855,112,18,212,53,2674,248,219,93,1931,Lodgepole_Pine
77078,3168,66,8,300,52,2287,229,224,128,2947,Spruce_Fir
77079,2925,100,11,201,16,1638,238,226,118,1530,Lodgepole_Pine
77087,2955,309,16,240,29,1860,175,228,193,1456,Lodgepole_Pine
77090,2795,144,11,258,16,2280,236,238,132,1471,Lodgepole_Pine
11558,3118,81,10,255,25,2758,233,223,121,2905,Lodgepole_Pine
44331,2858,124,14,108,30,1892,243,229,112,1645,Lodgepole_Pine
77102,2885,21,12,108,14,1822,212,213,137,2308,Lodgepole_Pine
44335,2872,148,17,170,33,3444,240,236,119,1717,Lodgepole_Pine
44336,2712,58,12,342,73,2486,228,214,117,2365,Lodgepole_Pine
77116,2924,343,9,212,50,3079,202,226,163,2016,Cottonwood_Willow
44348,2759,85,11,342,-13,1801,236,221,114,2263,Lodgepole_Pine
11593,2813,106,9,216,25,1218,235,229,125,1332,Lodgepole_Pine
44362,3003,142,14,277,33,1425,240,236,122,2100,Lodgepole_Pine
44371,2870,323,9,150,32,2803,196,230,174,2072,Spruce_Fir
11605,3018,38,8,309,46,2318,220,223,138,2490,Spruce_Fir
44387,2794,44,13,218,33,1434,222,210,120,1116,Lodgepole_Pine
77170,2737,73,8,247,26,2142,230,225,128,2501,Lodgepole_Pine
77171,2816,78,14,339,52,1786,237,213,104,1930,Lodgepole_Pine
11640,2820,72,12,134,29,2072,233,217,114,1860,Lodgepole_Pine
77193,3025,24,9,319,12,1127,215,220,141,1747,Spruce_Fir
44429,2829,79,12,319,41,1120,236,217,110,1383,Lodgepole_Pine
109966,2770,148,7,256,40,2632,230,240,142,2089,Ponderosa_Pine
77202,2960,23,12,170,8,2348,213,215,137,2043,Spruce_Fir
77206,3006,97,8,212,26,939,233,229,129,2340,Lodgepole_Pine
11686,3075,40,12,218,8,1381,221,214,126,3000,Spruce_Fir
77226,3110,21,11,270,18,1617,212,216,139,2884,Spruce_Fir
11696,2747,68,8,270,17,2503,229,223,127,2277,Lodgepole_Pine
11697,2853,104,14,240,52,3020,242,222,107,2218,Lodgepole_Pine
11701,2975,96,13,108,9,1418,241,220,107,2032,Lodgepole_Pine
44480,2906,110,10,242,46,3233,238,229,120,2746,Lodgepole_Pine
77248,2848,45,10,162,-5,1599,223,219,130,2384,Lodgepole_Pine
11717,2802,167,13,190,47,1201,231,244,143,1803,Lodgepole_Pine
77273,2958,94,11,324,76,1500,237,224,117,1926,Lodgepole_Pine
77286,2876,55,10,277,60,3547,226,220,127,2925,Lodgepole_Pine
77287,2755,31,12,295,42,1329,216,213,131,2264,Lodgepole_Pine
11768,2896,61,9,268,45,2592,227,222,128,2640,Lodgepole_Pine
44540,2789,18,12,323,57,3077,211,215,140,1187,Lodgepole_Pine
44548,3043,239,10,319,38,1779,202,248,183,1510,Spruce_Fir
11809,2957,110,10,297,55,1604,237,230,123,759,Lodgepole_Pine
77347,3087,72,6,400,62,1673,227,228,136,2263,Lodgepole_Pine
44584,3179,23,12,270,51,1604,213,214,136,1939,Lodgepole_Pine
11820,2789,62,6,247,16,2072,225,228,138,2462,Lodgepole_Pine
77360,2815,80,13,408,85,2646,237,217,109,1989,Lodgepole_Pine
11826,2714,65,12,300,83,1556,232,215,113,1614,Lodgepole_Pine
44594,2985,69,7,120,22,1460,228,226,131,1950,Lodgepole_Pine
44602,2855,60,15,277,67,1385,231,207,104,1455,Lodgepole_Pine
44621,2976,55,10,216,36,3827,226,220,127,1988,Lodgepole_Pine
11856,2979,66,11,335,59,3734,231,217,117,1983,Lodgepole_Pine
77394,2763,122,16,300,73,1819,246,225,102,2221,Aspen
44641,2742,25,11,402,71,2448,215,216,137,1909,Lodgepole_Pine
44655,2949,119,8,150,21,1973,235,233,129,2400,Lodgepole_Pine
77425,2829,21,13,301,50,1411,211,212,135,2695,Lodgepole_Pine
44657,2659,81,10,335,38,1806,234,222,118,2184,Douglas_fir
11894,2874,27,12,228,30,3222,215,215,135,2617,Lodgepole_Pine
44667,3154,63,10,150,9,1501,229,221,124,1710,Spruce_Fir
77436,3046,343,11,150,31,1800,199,224,164,1557,Spruce_Fir
44676,2797,116,14,277,67,3058,244,226,107,2694,Lodgepole_Pine
110216,2695,37,10,162,41,2162,220,219,133,2014,Douglas_fir
77456,2931,81,6,371,67,3102,229,229,134,2402,Lodgepole_Pine
44694,2819,32,9,212,35,1693,218,221,138,2590,Spruce_Fir
77464,2820,101,13,175,17,2118,242,222,108,1653,Lodgepole_Pine
44707,3093,330,10,175,16,2160,196,228,171,1661,Spruce_Fir
77482,2973,167,17,306,42,2317,231,244,138,1537,Lodgepole_Pine
44719,3084,292,12,408,78,2618,186,238,191,1891,Lodgepole_Pine
77494,2911,320,8,150,38,2987,198,232,173,1869,Lodgepole_Pine
11959,3099,52,11,127,4,2309,226,217,124,1390,Spruce_Fir
110276,2657,72,8,319,40,1831,230,224,127,2173,Douglas_fir
44742,2970,147,11,376,40,3461,235,239,134,1149,Lodgepole_Pine
11977,2912,77,14,175,23,2012,237,212,103,2274,Spruce_Fir
110290,2853,335,17,268,58,1771,180,216,174,1638,Douglas_fir
11996,3001,320,11,175,34,3182,191,229,178,1905,Lodgepole_Pine
110307,2718,17,13,277,47,2305,209,213,139,2018,Douglas_fir
77549,2896,141,10,255,67,2093,235,238,133,930,Aspen
77561,2970,116,17,212,57,2373,247,221,96,1861,Lodgepole_Pine
12040,2884,300,10,134,22,1816,192,236,184,1231,Lodgepole_Pine
12046,3021,32,7,192,34,1140,219,224,142,2039,Spruce_Fir
12057,2874,331,11,300,50,2439,194,226,172,2468,Lodgepole_Pine
44840,2882,61,9,170,34,1412,227,222,128,1608,Spruce_Fir
12076,2762,12,13,270,35,1958,207,214,143,1339,Lodgepole_Pine
12078,2736,102,13,150,21,2557,241,223,110,2117,Lodgepole_Pine
77625,3109,93,12,218,68,892,239,221,110,1595,Lodgepole_Pine
44866,3059,28,13,350,60,1655,215,212,132,1159,Lodgepole_Pine
77642,2945,74,10,192,46,3304,232,222,122,1829,Lodgepole_Pine
44884,2893,125,13,153,38,3529,241,230,116,2826,Lodgepole_Pine
44887,2949,301,12,277,23,1848,185,234,189,1390,Lodgepole_Pine
44899,2876,77,15,192,27,2563,238,212,101,2556,Lodgepole_Pine
44912,2874,315,12,256,27,2419,188,230,182,2430,Lodgepole_Pine
44925,2858,19,11,342,55,2188,212,216,140,1954,Lodgepole_Pine
77703,3093,75,8,240,16,2274,230,225,127,2236,Spruce_Fir
77708,2897,120,14,108,27,1560,244,227,109,2170,Lodgepole_Pine
77709,2818,83,10,127,19,1015,235,222,119,2272,Lodgepole_Pine
44943,2924,15,12,90,16,2496,209,215,142,1854,Spruce_Fir
77726,3030,307,16,330,33,2603,175,229,194,994,Spruce_Fir
77734,2835,327,8,190,47,2038,200,231,170,1984,Lodgepole_Pine
77750,2837,119,11,162,36,2963,239,230,120,2163,Lodgepole_Pine
77773,3024,70,9,216,19,2249,230,223,125,3037,Lodgepole_Pine
77780,3031,327,13,210,-3,2361,188,225,176,1138,Spruce_Fir
12259,2948,103,14,242,65,2212,243,221,103,1690,Lodgepole_Pine
45042,3110,299,11,306,49,1273,189,236,187,1364,Spruce_Fir
77810,2952,122,10,376,89,2800,238,232,124,1824,Lodgepole_Pine
77819,3052,22,10,277,12,1301,214,218,140,1812,Spruce_Fir
12301,2804,281,10,300,80,2389,194,241,187,1822,Lodgepole_Pine
77843,2804,24,13,361,78,1575,213,211,133,1452,Lodgepole_Pine
45076,3006,70,11,361,57,2114,232,218,117,711,Lodgepole_Pine
12317,3009,155,8,300,30,1208,230,241,144,1645,Lodgepole_Pine
77867,2950,95,10,256,58,1710,237,225,118,1895,Lodgepole_Pine
12339,2897,45,12,242,28,2021,223,214,123,2060,Lodgepole_Pine
12344,2924,118,15,283,72,2678,244,226,106,1972,Lodgepole_Pine
77907,3006,56,7,255,4,2717,225,226,135,1339,Spruce_Fir
45140,3051,45,9,474,28,1972,223,221,133,1557,Lodgepole_Pine
45141,3045,110,9,234,27,1900,236,230,126,1587,Spruce_Fir
45148,3018,125,17,360,70,2522,246,226,103,2751,Lodgepole_Pine
12392,2930,324,13,175,44,3303,186,225,179,1677,Lodgepole_Pine
45169,3052,317,11,108,17,2239,192,231,179,1889,Lodgepole_Pine
77943,2952,307,15,210,26,1837,179,230,191,1473,Lodgepole_Pine
77951,2984,53,9,242,5,949,226,220,128,1604,Spruce_Fir
12420,2843,71,14,350,55,1144,235,213,107,1445,Lodgepole_Pine
12427,2953,55,10,430,89,2758,226,219,126,1860,Lodgepole_Pine
45197,2828,108,12,390,26,895,240,226,114,2324,Lodgepole_Pine
45205,3008,149,15,258,46,1595,238,238,125,2268,Lodgepole_Pine
77973,3171,97,14,300,65,2317,242,219,104,1550,Lodgepole_Pine
45215,3108,87,13,256,40,931,239,217,106,2163,Lodgepole_Pine
45229,2859,122,7,258,15,3015,233,234,134,2773,Lodgepole_Pine
78010,2814,72,14,400,84,2663,236,211,103,1972,Lodgepole_Pine
12474,3009,183,13,242,51,2370,223,248,155,1104,Douglas_fir
45248,3054,86,12,277,23,3859,237,221,113,2496,Lodgepole_Pine
45251,3020,119,13,300,40,1301,242,228,113,2509,Lodgepole_Pine
78020,2991,2,11,350,58,1722,205,219,151,2438,Lodgepole_Pine
12487,2942,76,12,150,7,2300,234,218,114,2193,Lodgepole_Pine
78046,2956,285,11,120,25,1677,190,240,190,1406,Lodgepole_Pine
45291,2780,34,13,342,24,1758,218,212,128,2014,Spruce_Fir
45307,2884,80,14,67,11,2033,238,215,105,2383,Lodgepole_Pine
45313,2851,71,10,323,51,1624,231,221,121,2728,Lodgepole_Pine
12549,2834,62,14,201,38,2429,231,211,109,3203,Lodgepole_Pine
12557,2789,131,9,182,49,3049,236,235,130,2774,Lodgepole_Pine
45341,3167,58,11,379,39,1501,228,218,122,1779,Lodgepole_Pine
78113,3171,32,12,242,44,2151,217,213,129,2767,Cottonwood_Willow
12578,3108,288,12,201,32,1426,187,239,192,1939,Lodgepole_Pine
12583,2920,35,14,391,31,2456,218,209,124,1390,Spruce_Fir
12586,2886,172,12,242,42,2347,228,246,148,2208,Lodgepole_Pine
12600,3061,32,13,277,73,2210,216,211,128,2731,Spruce_Fir
12604,3246,152,11,285,59,2105,234,240,135,1773,Spruce_Fir
45377,3098,133,11,256,43,1945,237,235,127,1846,Lodgepole_Pine
12618,3156,30,9,330,65,3024,218,220,138,1557,Spruce_Fir
78157,2948,34,13,180,27,2230,218,212,128,2105,Spruce_Fir
45394,3081,67,11,240,80,2028,231,218,119,2863,Spruce_Fir
12627,3146,80,12,351,23,3168,236,219,113,3124,Spruce_Fir
45415,2977,333,13,361,75,1557,189,223,173,2483,Krummholz
12658,3067,102,10,170,17,3388,238,226,119,2899,Spruce_Fir
12667,3071,318,12,277,54,2742,189,229,180,781,Spruce_Fir
45442,2811,72,11,210,-1,3248,233,218,116,2571,Lodgepole_Pine
12677,3132,30,9,228,38,1956,218,220,138,1693,Spruce_Fir
45472,2830,88,12,212,61,1762,238,220,110,1786,Aspen
78243,2974,79,14,162,29,3844,238,214,104,2014,Lodgepole_Pine
78245,2902,34,9,170,17,1822,219,221,138,2213,Lodgepole_Pine
12714,3072,286,10,361,65,2561,193,240,186,1890,Lodgepole_Pine
45482,2960,336,11,192,52,3600,195,225,169,1500,Lodgepole_Pine
78255,3053,19,11,395,8,1902,212,217,141,1329,Lodgepole_Pine
78263,2940,57,16,212,51,2218,229,206,105,1613,Lodgepole_Pine
45502,3059,8,11,212,42,1282,207,218,147,2673,Spruce_Fir
12735,2734,92,8,190,21,2280,233,227,126,1495,Lodgepole_Pine
12740,2725,90,10,216,17,1450,236,224,118,1860,Lodgepole_Pine
45509,3006,69,8,446,54,1199,229,224,128,2322,Lodgepole_Pine
78277,2921,189,10,350,48,2521,221,248,160,2167,Lodgepole_Pine
45521,3011,144,15,218,30,1741,240,236,120,1388,Spruce_Fir
12760,2891,81,11,350,45,1839,235,219,114,2868,Lodgepole_Pine
12785,3029,150,15,150,18,1622,238,238,126,2363,Spruce_Fir
45565,2854,17,8,366,56,2128,214,223,146,1864,Lodgepole_Pine
78335,2824,29,8,180,23,1283,217,222,140,2010,Lodgepole_Pine
45568,3042,43,11,170,16,2871,222,217,128,1124,Spruce_Fir
78337,3165,73,9,331,25,1920,231,223,124,3090,Lodgepole_Pine
12813,3022,97,8,190,42,1195,233,229,129,2105,Spruce_Fir
12814,2909,63,8,175,3,2212,228,223,128,2385,Lodgepole_Pine
45588,2857,101,8,277,13,2995,233,230,129,2743,Lodgepole_Pine
45606,2859,78,12,268,100,1476,235,219,114,1475,Lodgepole_Pine
12839,2775,137,10,150,21,2820,236,236,131,2021,Lodgepole_Pine
45628,2976,41,10,362,13,2294,221,218,131,2442,Lodgepole_Pine
45630,2980,47,11,127,0,1528,224,216,125,1991,Lodgepole_Pine
12865,3013,337,11,192,31,2221,196,225,168,1054,Lodgepole_Pine
12886,2984,115,15,180,41,1771,244,225,106,2428,Lodgepole_Pine
45660,2805,326,11,319,83,2395,194,228,174,1794,Lodgepole_Pine
78433,2998,43,11,162,7,1055,222,215,126,1543,Spruce_Fir
12906,2722,90,9,270,11,2029,235,225,121,2620,Douglas_fir
45677,3051,29,13,242,63,2227,215,210,129,2738,Spruce_Fir
12911,2778,50,7,300,29,2041,224,224,135,2431,Lodgepole_Pine
78449,2889,102,14,301,29,3197,243,221,104,2620,Lodgepole_Pine
45696,3127,315,12,218,51,2929,188,230,182,1283,Spruce_Fir
78467,2933,122,15,297,67,3589,244,227,107,2643,Lodgepole_Pine
12931,2828,166,10,150,27,2753,229,244,147,2471,Lodgepole_Pine
45708,2813,107,14,342,83,3103,243,223,106,2704,Lodgepole_Pine
78485,2836,301,10,162,34,2165,192,236,183,2070,Spruce_Fir
12957,2839,41,10,190,17,1020,221,219,132,1832,Lodgepole_Pine
78502,3166,82,16,192,38,2318,240,210,96,2188,Spruce_Fir
12975,2842,116,12,108,40,2621,241,228,115,1959,Lodgepole_Pine
12976,3162,35,13,300,62,2579,218,211,127,1639,Douglas_fir
45744,3129,53,9,324,54,1328,226,221,129,3045,Lodgepole_Pine
45754,3191,43,11,365,33,1170,222,217,128,1920,Spruce_Fir
78542,2817,25,15,210,23,1392,212,207,129,2579,Lodgepole_Pine
45778,2979,142,8,277,41,2520,233,238,137,1711,Spruce_Fir
45793,2986,65,9,150,17,2529,229,222,126,1731,Douglas_fir
45799,2820,104,13,313,29,2812,241,223,110,2542,Lodgepole_Pine
78577,2777,41,10,255,21,1731,221,219,132,1919,Spruce_Fir
78590,2888,33,12,408,46,2613,218,214,131,1090,Spruce_Fir
45835,2908,24,11,390,39,2118,214,215,136,1848,Lodgepole_Pine
78603,2992,86,8,212,26,1515,232,227,129,1964,Lodgepole_Pine
45841,2705,17,11,162,48,1765,211,218,142,2242,Lodgepole_Pine
45844,2813,84,10,309,40,2287,234,224,121,2673,Lodgepole_Pine
78612,2854,73,6,421,56,2064,228,228,134,1608,Lodgepole_Pine
78616,2825,164,10,234,24,2577,230,243,145,2574,Lodgepole_Pine
45849,3254,30,9,297,52,2040,218,220,137,1906,Lodgepole_Pine
45863,2810,148,15,153,19,2671,238,238,125,2402,Lodgepole_Pine
13098,2994,155,13,424,75,1832,235,241,135,2689,Ponderosa_Pine
78639,3056,18,10,421,57,2904,213,220,143,1831,Lodgepole_Pine
13103,2846,56,12,228,94,1406,228,214,117,1355,Lodgepole_Pine
13106,2805,21,13,360,48,1790,211,212,135,1172,Ponderosa_Pine
78648,2817,77,14,319,53,1764,237,214,105,1959,Lodgepole_Pine
45881,2908,89,9,323,51,3275,234,225,122,2689,Lodgepole_Pine
78650,3004,77,9,371,55,2138,232,224,125,702,Spruce_Fir
13123,2812,47,8,295,51,1509,223,223,135,1199,Lodgepole_Pine
45896,3105,45,12,124,14,3021,223,214,123,1342,Spruce_Fir
45902,2944,48,13,424,17,2514,224,212,120,2430,Aspen
13144,2942,310,8,170,19,1984,199,235,175,1706,Lodgepole_Pine
78683,2831,327,8,240,39,2230,201,231,170,1878,Lodgepole_Pine
78686,2758,39,10,180,40,1529,221,219,132,2229,Lodgepole_Pine
13167,2836,117,7,366,35,2520,232,234,135,2713,Lodgepole_Pine
45936,3009,111,14,134,29,1100,243,224,107,2315,Lodgepole_Pine
45938,3048,23,12,319,16,1248,213,215,137,1820,Spruce_Fir
13177,3068,327,12,247,14,2308,191,227,175,674,Spruce_Fir
13182,2829,9,9,277,45,1638,211,223,149,2657,Lodgepole_Pine
78732,3002,72,11,210,39,1549,233,219,117,1863,Lodgepole_Pine
78734,2975,84,11,295,55,1860,236,221,115,1842,Lodgepole_Pine
45967,2895,78,10,67,2,2008,234,221,118,2197,Spruce_Fir
45974,2667,90,10,342,41,1776,236,224,118,2234,Ponderosa_Pine
78749,2834,40,8,201,45,2486,221,222,135,1507,Lodgepole_Pine
13227,2895,84,9,342,44,1661,233,225,125,2694,Spruce_Fir
45996,2955,101,8,120,22,1959,233,230,129,2689,Lodgepole_Pine
45995,2982,56,14,108,12,1214,228,208,110,2227,Spruce_Fir
78769,2855,10,11,285,57,2524,208,218,146,3178,Lodgepole_Pine
78790,2922,39,15,85,21,2241,219,207,119,1682,Spruce_Fir
46025,2986,65,9,150,17,2529,229,222,126,1731,Lodgepole_Pine
13268,3026,54,12,366,-5,2501,227,213,117,2631,Lodgepole_Pine
46039,2870,144,16,212,64,2156,241,235,118,1138,Aspen
78807,2895,78,10,67,2,2008,234,221,118,2197,Spruce_Fir
78810,3005,111,9,297,40,1298,236,230,125,1974,Lodgepole_Pine
46050,2895,35,11,319,53,2442,219,215,130,1245,Spruce_Fir
78833,2855,153,6,234,19,2244,228,240,146,2202,Lodgepole_Pine
46068,2740,34,12,228,54,1503,218,214,130,3062,Lodgepole_Pine
78843,2777,96,10,234,16,2876,236,226,121,2160,Lodgepole_Pine
13311,2928,315,8,295,72,3025,198,233,175,2315,Lodgepole_Pine
13340,2902,135,11,283,89,2072,238,235,126,1095,Lodgepole_Pine
78887,2889,302,12,180,51,1797,186,234,188,1290,Lodgepole_Pine
46121,3089,95,10,190,36,1869,237,225,118,1931,Lodgepole_Pine
46138,2983,117,16,335,88,2377,246,224,102,1924,Lodgepole_Pine
13377,2979,162,20,297,59,1948,235,241,127,1451,Spruce_Fir
46148,3062,49,11,134,30,2884,224,217,125,1310,Lodgepole_Pine
13381,3009,111,14,134,29,1100,243,224,107,2315,Lodgepole_Pine
78949,2729,51,14,330,0,2505,226,210,115,2316,Lodgepole_Pine
13416,3001,300,10,297,97,2448,192,236,184,1471,Lodgepole_Pine
13427,2847,73,9,190,39,700,230,223,126,2603,Lodgepole_Pine
46197,3253,58,13,362,38,1878,229,211,113,2438,Spruce_Fir
78969,3045,97,16,218,42,2423,244,215,95,1922,Lodgepole_Pine
78980,2779,133,8,201,36,1783,233,236,135,2496,Lodgepole_Pine
46220,2885,40,11,210,16,1974,221,216,128,2012,Lodgepole_Pine
78989,2781,102,16,180,46,1539,245,218,98,2479,Lodgepole_Pine
13484,2942,125,12,342,76,3542,240,232,120,2641,Lodgepole_Pine
13488,2882,44,14,430,52,1712,222,209,118,2900,Lodgepole_Pine
46269,2915,112,13,190,40,3065,242,225,109,1624,Lodgepole_Pine
79047,3092,69,8,192,0,2268,229,224,128,1455,Spruce_Fir
13567,2964,83,9,175,22,2110,233,224,122,2489,Lodgepole_Pine
46338,2953,88,6,192,20,2054,229,230,135,2440,Lodgepole_Pine
46355,2875,158,10,300,30,2359,231,242,141,2128,Lodgepole_Pine
79124,3005,60,14,350,-9,2419,230,210,109,2580,Lodgepole_Pine
13590,2976,60,13,60,21,2370,230,213,114,2148,Spruce_Fir
13615,2884,31,13,192,23,2871,216,212,129,2228,Lodgepole_Pine
46391,3111,133,8,301,30,1471,233,236,135,2854,Spruce_Fir
46396,3026,231,14,240,47,1850,198,252,189,1423,Spruce_Fir
79165,2962,80,16,120,24,2220,239,210,97,2026,Lodgepole_Pine
13645,2961,293,12,180,34,1650,187,237,191,1396,Lodgepole_Pine
13650,3062,47,9,127,14,1825,223,221,132,1261,Spruce_Fir
13654,3086,100,10,192,15,2609,237,227,120,2989,Lodgepole_Pine
46426,3031,331,17,212,33,2582,177,216,177,2230,Spruce_Fir
79200,3157,58,14,216,18,2244,230,209,109,2508,Spruce_Fir
13666,2846,16,14,402,55,1866,208,211,138,1329,Lodgepole_Pine
13669,3054,333,8,242,32,2117,202,230,167,1398,Spruce_Fir
46453,2990,341,11,362,70,1914,197,224,165,1325,Spruce_Fir
13699,2915,41,15,330,26,2389,221,206,117,1434,Spruce_Fir
79241,3094,18,7,218,46,1812,215,226,148,2081,Lodgepole_Pine
46476,2793,108,9,335,37,1915,237,229,123,2012,Lodgepole_Pine
79245,2909,12,12,404,42,2973,207,215,143,2195,Lodgepole_Pine
79259,2861,25,11,258,83,1999,215,216,137,2818,Lodgepole_Pine
46493,2834,104,16,150,41,1455,245,218,97,1880,Lodgepole_Pine
46500,2939,137,8,342,28,2631,233,237,135,2471,Lodgepole_Pine
79281,2810,122,12,313,39,1001,240,230,118,2610,Lodgepole_Pine
13749,2931,24,14,108,23,2305,212,209,132,1909,Spruce_Fir
13769,2956,71,13,192,19,4066,234,214,110,1831,Lodgepole_Pine
79310,2890,24,11,124,20,1756,214,216,137,2839,Lodgepole_Pine
13778,3021,83,11,108,15,1773,236,220,114,1832,Spruce_Fir
46556,2865,157,10,234,22,3024,232,242,140,2462,Spruce_Fir
46564,2794,16,14,212,52,1597,208,211,138,2603,Lodgepole_Pine
79335,2930,63,14,60,10,2040,232,211,109,2068,Spruce_Fir
46588,2852,96,5,323,43,1921,228,233,139,2163,Douglas_fir
79359,2901,29,12,330,32,2081,216,213,132,1950,Lodgepole_Pine
13823,3114,51,9,335,33,1454,225,220,128,2818,Spruce_Fir
13826,3005,81,10,216,29,1613,233,223,121,1879,Lodgepole_Pine
46598,2946,298,15,182,39,1717,177,234,196,1302,Lodgepole_Pine
13841,2834,153,11,309,33,2584,233,241,137,2654,Lodgepole_Pine
79380,3106,37,12,319,6,2854,219,212,126,2942,Lodgepole_Pine
79382,2850,64,11,402,7,1026,230,217,118,2298,Lodgepole_Pine
13864,2811,72,11,210,-1,3248,233,218,116,2571,Lodgepole_Pine
13868,2906,47,10,335,17,2397,224,219,129,1376,Spruce_Fir
13872,2858,112,13,134,15,1894,242,226,112,2468,Lodgepole_Pine
13880,2904,94,15,201,35,1984,242,216,99,2135,Lodgepole_Pine
46653,3259,54,13,170,35,2850,227,212,116,2477,Spruce_Fir
13895,3006,148,11,228,45,3860,234,239,135,2658,Cottonwood_Willow
13908,2898,60,16,361,85,2791,231,205,102,1842,Lodgepole_Pine
79453,2879,190,11,295,48,2821,220,248,161,2334,Lodgepole_Pine
79456,3076,328,12,285,57,2751,190,226,175,782,Spruce_Fir
79465,2984,133,10,268,24,2072,237,235,128,886,Lodgepole_Pine
13929,2991,97,15,256,42,2118,243,217,99,765,Spruce_Fir
13935,2799,57,16,212,37,3194,229,205,104,2512,Lodgepole_Pine
46736,2912,49,9,309,48,2240,224,221,131,663,Lodgepole_Pine
79506,2789,68,13,426,11,1747,233,213,109,1660,Lodgepole_Pine
79511,2883,35,6,234,58,2380,219,227,144,2264,Lodgepole_Pine
79515,3082,94,13,212,46,2192,240,220,107,1302,Spruce_Fir
46761,2925,53,11,366,29,725,227,215,121,1869,Lodgepole_Pine
14012,2872,42,12,309,59,3471,222,213,125,2847,Lodgepole_Pine
79548,3145,153,17,212,39,2389,239,238,123,1679,Lodgepole_Pine
14013,3033,28,15,390,25,1885,213,207,126,1521,Lodgepole_Pine
14021,2934,296,14,324,56,1167,180,235,195,1865,Lodgepole_Pine
14039,3093,163,12,433,70,2168,231,243,141,1660,Spruce_Fir
14084,2967,95,10,451,42,2230,236,225,120,2644,Spruce_Fir
46854,2936,62,9,108,37,2133,228,221,125,1620,Cottonwood_Willow
14086,2758,38,11,180,33,1120,220,216,130,2422,Lodgepole_Pine
14090,2976,64,12,376,39,4194,231,215,114,2163,Lodgepole_Pine
46860,3026,62,12,150,38,2133,230,215,115,2779,Spruce_Fir
46865,3002,19,10,342,50,1207,213,219,142,2340,Lodgepole_Pine
14102,2833,69,12,175,0,1234,233,216,113,2460,Lodgepole_Pine
14104,2912,302,15,212,12,2738,177,232,194,1482,Lodgepole_Pine
46874,3069,83,6,212,29,2893,228,230,137,1423,Lodgepole_Pine
79652,2894,81,15,283,30,2942,239,213,101,2589,Lodgepole_Pine
14128,2862,150,9,339,26,2343,232,240,139,2094,Aspen
46915,2979,20,11,218,55,3045,212,217,140,2012,Lodgepole_Pine
79686,2880,131,17,127,31,2652,246,228,104,2054,Lodgepole_Pine
46946,3116,74,13,190,33,997,235,215,109,2202,Lodgepole_Pine
79719,3167,58,11,379,39,1501,228,218,122,1779,Lodgepole_Pine
14193,3122,60,8,175,20,1907,227,223,131,2732,Lodgepole_Pine
79731,2844,145,8,150,39,2197,231,239,141,2463,Lodgepole_Pine
46966,2858,56,11,300,39,1642,227,218,123,2732,Lodgepole_Pine
14201,2771,162,16,201,65,1500,234,242,135,2403,Lodgepole_Pine
79742,3070,66,9,228,26,3740,229,221,124,2619,Lodgepole_Pine
79748,2785,55,15,313,65,1693,228,207,109,3042,Lodgepole_Pine
14213,3077,76,9,90,18,2014,232,223,124,1754,Spruce_Fir
79762,3096,320,11,324,26,2483,192,230,177,2342,Lodgepole_Pine
46998,2815,108,10,351,5,1867,238,228,120,2297,Spruce_Fir
79778,2785,49,9,150,9,2001,224,221,131,2610,Aspen
79784,2957,102,12,108,15,2029,240,224,111,2761,Lodgepole_Pine
47019,2894,55,15,283,26,3192,228,207,108,2714,Lodgepole_Pine
47032,2981,125,18,330,38,2550,247,224,99,2661,Lodgepole_Pine
47038,2931,23,13,277,40,671,212,213,135,1806,Lodgepole_Pine
14281,2814,105,11,285,23,2793,240,226,115,2512,Douglas_fir
47050,2838,74,10,283,54,2572,232,222,122,1560,Lodgepole_Pine
79822,2838,96,7,256,47,2219,232,229,129,1739,Lodgepole_Pine
47066,3004,43,8,234,27,1034,222,222,135,2216,Lodgepole_Pine
14300,3104,324,11,228,40,1434,192,228,176,1855,Lodgepole_Pine
14313,2860,27,11,234,11,1369,215,217,137,2322,Lodgepole_Pine
79852,2951,17,13,242,23,1829,209,213,139,2781,Lodgepole_Pine
14316,2867,43,12,420,25,2640,222,213,123,938,Spruce_Fir
47088,2769,96,10,150,13,1775,236,226,121,1828,Spruce_Fir
14324,2871,95,17,216,47,2408,245,213,92,2255,Lodgepole_Pine
79863,2950,94,14,218,41,1830,241,219,105,1921,Lodgepole_Pine
47097,2834,31,11,300,24,1891,217,216,133,2403,Spruce_Fir
79874,2963,79,10,216,26,4095,233,223,121,1830,Cottonwood_Willow
14339,2871,51,13,182,70,2275,226,211,116,2212,Spruce_Fir
47107,3091,112,8,323,20,1671,235,231,128,1518,Spruce_Fir
47112,2845,35,10,277,47,2040,219,218,134,1830,Lodgepole_Pine
47116,3037,13,11,270,38,2942,210,218,145,1673,Lodgepole_Pine
14352,3098,306,8,335,43,2353,197,235,178,2172,Spruce_Fir
14353,2891,138,13,216,46,2227,239,235,123,721,Lodgepole_Pine
79891,2948,70,11,192,13,2337,232,218,117,2222,Lodgepole_Pine
14355,2767,45,9,240,40,1964,223,221,133,1463,Lodgepole_Pine
14358,3106,37,12,319,6,2854,219,212,126,2942,Lodgepole_Pine
47129,2916,61,9,255,37,3284,227,222,128,2394,Lodgepole_Pine
47139,2950,16,8,277,68,1956,213,223,146,2445,Lodgepole_Pine
14382,2806,84,15,212,35,1657,240,212,98,2037,Lodgepole_Pine
47151,2884,106,10,182,38,1243,238,228,120,2445,Lodgepole_Pine
79924,2835,39,13,360,32,2345,220,210,122,1622,Lodgepole_Pine
47157,3064,45,15,247,63,2177,223,207,115,2773,Spruce_Fir
47162,3057,176,12,309,43,2215,226,246,150,1443,Lodgepole_Pine
47163,3032,93,9,330,60,2356,235,226,121,2363,Spruce_Fir
79932,2901,143,14,124,25,2985,239,236,124,1717,Lodgepole_Pine
79930,2735,54,9,301,19,1415,225,221,130,1889,Aspen
79940,2837,65,11,150,36,2947,230,218,120,2214,Lodgepole_Pine
79946,2958,115,15,108,26,1528,244,225,106,2531,Lodgepole_Pine
79948,3018,81,14,67,17,2609,238,214,104,1710,Lodgepole_Pine
14414,3001,320,11,175,34,3182,191,229,178,1905,Lodgepole_Pine
14422,3003,30,11,270,51,1261,216,215,133,2402,Spruce_Fir
14434,2999,166,16,127,33,2250,232,244,138,1176,Lodgepole_Pine
14449,3034,31,11,228,35,3013,217,216,133,1565,Lodgepole_Pine
47221,2976,60,13,60,21,2370,230,213,114,2148,Spruce_Fir
47224,3008,96,11,258,41,4065,238,224,115,2546,Lodgepole_Pine
80006,3077,82,10,256,31,3178,235,222,118,853,Lodgepole_Pine
14471,2687,41,9,309,60,2376,221,221,134,2281,Lodgepole_Pine
14479,2942,310,8,170,19,1984,199,235,175,1706,Lodgepole_Pine
47269,2850,97,12,379,49,2110,240,222,110,2781,Lodgepole_Pine
80038,3010,111,7,124,8,2896,233,232,131,1943,Lodgepole_Pine
47275,2969,167,13,228,67,1622,231,244,143,2735,Lodgepole_Pine
47278,2825,85,13,201,53,1825,238,218,109,1850,Cottonwood_Willow
80053,3087,45,6,228,23,1546,222,227,140,2137,Lodgepole_Pine
47290,2887,40,12,454,45,2671,221,213,125,1024,Spruce_Fir
47300,2950,131,5,255,51,3228,228,237,143,1889,Lodgepole_Pine
47308,2897,122,14,124,22,3050,242,229,113,1664,Lodgepole_Pine
47312,3051,29,13,150,34,1275,215,211,130,2801,Spruce_Fir
14553,3040,177,8,297,44,2293,224,245,154,1316,Lodgepole_Pine
80090,3018,41,9,212,23,1702,221,221,134,1727,Lodgepole_Pine
80093,3043,288,10,124,21,1771,193,239,186,1611,Spruce_Fir
80095,2994,54,14,277,53,2848,228,208,111,1471,Lodgepole_Pine
47335,2912,67,14,127,19,2060,233,212,109,2184,Spruce_Fir
14581,2980,81,11,201,42,2130,235,221,117,1934,Douglas_fir
47350,2818,14,15,192,37,2122,205,209,138,2489,Lodgepole_Pine
14599,3015,326,17,192,56,2228,176,219,182,1072,Lodgepole_Pine
47367,2991,72,7,150,22,2561,228,227,133,1707,Lodgepole_Pine
14617,2848,61,11,247,97,1365,229,217,120,1323,Lodgepole_Pine
47390,2942,101,10,228,13,1939,236,227,121,1907,Lodgepole_Pine
47398,2927,322,13,234,26,3038,186,226,180,1645,Spruce_Fir
80183,2807,43,11,127,9,1761,222,217,128,1761,Lodgepole_Pine
47416,2919,37,15,335,50,2116,219,207,120,2067,Lodgepole_Pine
14650,2817,25,15,210,23,1392,212,207,129,2579,Lodgepole_Pine
80187,3223,94,14,300,58,3227,241,218,103,2175,Spruce_Fir
47429,3016,115,9,218,44,2227,236,232,127,2429,Spruce_Fir
80202,2971,117,13,450,51,2214,241,228,114,2632,Lodgepole_Pine
80212,3013,98,10,283,31,4094,237,225,118,2522,Lodgepole_Pine
80215,3167,27,10,255,22,2337,216,219,138,2455,Spruce_Fir
80218,2783,94,8,201,27,1806,232,229,129,1883,Aspen
14692,2901,92,15,391,88,2820,242,215,98,1860,Lodgepole_Pine
80231,3006,289,10,153,36,2474,192,239,187,983,Lodgepole_Pine
47478,2852,117,13,108,19,2763,241,228,114,2252,Lodgepole_Pine
14715,2948,30,11,335,53,816,216,215,133,1789,Lodgepole_Pine
47484,2945,147,10,408,19,1801,233,239,137,1207,Lodgepole_Pine
47487,2885,311,15,190,45,2592,179,229,189,2362,Ponderosa_Pine
14724,3075,66,6,300,35,2873,226,228,137,1500,Lodgepole_Pine
47503,2995,320,11,201,47,1996,191,229,178,1180,Lodgepole_Pine
80277,3001,330,10,272,24,1315,196,228,171,1681,Lodgepole_Pine
47515,2976,55,10,216,36,3827,226,220,127,1988,Lodgepole_Pine
14779,2856,32,11,170,-1,2952,218,217,134,2555,Aspen
47548,3072,38,9,451,73,2931,221,221,135,1752,Lodgepole_Pine
14784,2867,39,13,390,25,2610,220,211,123,972,Spruce_Fir
80335,2694,110,13,255,48,2294,242,226,111,2163,Douglas_fir
14802,2886,106,8,361,67,2882,235,230,127,2060,Lodgepole_Pine
80340,3097,35,10,277,4,2804,219,219,135,2946,Lodgepole_Pine
47581,3126,289,10,270,50,2995,192,239,187,1332,Spruce_Fir
80358,2990,146,14,85,17,2787,238,238,127,1627,Spruce_Fir
14831,3050,101,9,234,23,2016,235,228,124,1471,Spruce_Fir
47606,2780,34,13,342,24,1758,218,212,128,2014,Spruce_Fir
80381,3003,31,12,255,33,830,216,213,130,1883,Lodgepole_Pine
14852,2898,103,8,175,43,2866,233,230,130,2239,Lodgepole_Pine
80406,3060,265,11,234,47,1645,191,245,193,1468,Spruce_Fir
47641,3180,81,15,258,36,3076,239,212,99,2906,Lodgepole_Pine
80410,3152,101,9,218,36,2342,235,228,124,3020,Douglas_fir
14888,3135,28,9,153,25,1794,217,220,138,2619,Spruce_Fir
80455,2760,43,12,150,30,2400,222,213,123,2244,Ponderosa_Pine
47694,2810,173,8,268,19,2268,225,244,152,2206,Lodgepole_Pine
80470,2845,93,9,342,34,1585,235,226,121,2955,Lodgepole_Pine
47706,2970,53,14,201,31,484,227,210,113,2154,Lodgepole_Pine
47711,2903,104,9,192,36,2929,236,229,124,2182,Lodgepole_Pine
14952,2984,91,12,150,18,1451,239,220,109,2012,Lodgepole_Pine
14967,3022,73,7,182,42,1209,229,226,131,2131,Spruce_Fir
14973,2878,28,14,150,23,3263,214,210,129,2363,Lodgepole_Pine
80515,2926,59,15,300,33,725,230,207,106,1879,Lodgepole_Pine
47752,3177,81,10,124,18,1982,233,223,121,1873,Spruce_Fir
14990,2984,28,14,242,48,2827,214,209,128,1411,Lodgepole_Pine
80535,3036,336,8,240,37,2876,203,230,166,1708,Ponderosa_Pine
15004,2872,63,15,201,59,3085,232,208,105,2250,Lodgepole_Pine
80541,2841,69,12,170,11,1920,233,215,113,2624,Lodgepole_Pine
15013,2929,32,11,240,34,752,218,217,134,1681,Lodgepole_Pine
15025,3059,179,10,255,33,2072,224,246,154,1570,Lodgepole_Pine
15038,3008,13,10,150,26,2184,210,219,145,1087,Spruce_Fir
47813,3033,322,11,234,37,2977,192,229,177,876,Spruce_Fir
47820,2974,89,10,390,75,3501,235,224,120,2097,Lodgepole_Pine
80592,3010,99,12,297,43,4074,240,222,110,2513,Lodgepole_Pine
15062,2767,139,9,240,43,2818,235,237,133,2420,Lodgepole_Pine
15072,2822,69,9,175,31,2096,230,222,125,1895,Lodgepole_Pine
80618,2942,135,12,324,79,2844,239,235,124,1789,Lodgepole_Pine
80627,3053,12,10,362,31,2785,210,220,146,1337,Spruce_Fir
15100,2865,157,10,234,22,3024,232,242,140,2462,Spruce_Fir
15106,2966,138,12,228,37,631,238,236,126,2271,Lodgepole_Pine
15135,2825,59,8,216,2,2659,227,223,130,2506,Lodgepole_Pine
47910,3084,108,13,277,48,1537,242,224,109,2722,Lodgepole_Pine
47916,2843,304,14,124,36,2130,180,232,192,1381,Lodgepole_Pine
80707,2834,21,12,277,24,1913,212,214,138,2431,Spruce_Fir
80729,2990,341,11,362,70,1914,197,224,165,1325,Spruce_Fir
80741,2893,125,13,153,38,3529,241,230,116,2826,Lodgepole_Pine
80752,3044,48,12,240,56,2225,224,214,121,2721,Spruce_Fir
15224,3129,68,10,295,38,1911,231,220,121,1626,Spruce_Fir
80762,2953,23,12,182,32,2289,213,215,137,2073,Spruce_Fir
15246,2774,52,6,247,18,2041,223,227,140,1666,Lodgepole_Pine
48045,3173,62,9,400,45,1473,228,221,125,1806,Lodgepole_Pine
15284,3164,306,13,390,64,2672,184,232,188,1584,Spruce_Fir
48060,2835,317,11,150,35,2103,192,231,179,2042,Spruce_Fir
15311,2847,152,10,306,46,2669,233,240,138,2630,Lodgepole_Pine
48086,2931,24,14,108,23,2305,212,209,132,1909,Spruce_Fir
80856,3045,327,10,371,46,2827,197,229,172,1848,Lodgepole_Pine
15322,3010,334,12,150,29,1190,193,224,170,1842,Lodgepole_Pine
48097,2950,43,12,150,5,1972,222,214,125,3195,Spruce_Fir
48100,3017,103,14,365,79,2044,242,222,106,1761,Cottonwood_Willow
15338,2799,74,10,300,23,2118,232,222,122,2504,Lodgepole_Pine
15339,3118,80,13,170,10,2843,237,216,108,2981,Lodgepole_Pine
15348,2998,92,12,247,40,3840,239,221,110,1376,Lodgepole_Pine
15359,2941,72,12,324,48,3439,233,217,114,2234,Lodgepole_Pine
48130,2890,12,12,134,28,2864,207,215,143,2292,Spruce_Fir
15362,2778,30,8,330,51,2023,218,223,140,1354,Lodgepole_Pine
80910,3036,151,15,170,25,1639,238,239,126,2347,Spruce_Fir
48153,2986,47,11,234,17,2584,224,217,126,1663,Spruce_Fir
15391,2799,85,16,150,28,1592,241,211,96,2092,Lodgepole_Pine
48169,3019,5,10,175,29,3270,207,220,150,1816,Spruce_Fir
15403,2967,111,8,242,14,1965,234,231,129,1243,Lodgepole_Pine
15409,2897,344,12,242,37,2675,195,220,164,2643,Lodgepole_Pine
48192,2949,117,12,210,21,1053,240,229,118,2304,Lodgepole_Pine
80979,2828,54,17,210,40,1952,228,202,102,2003,Aspen
15447,2985,102,15,247,36,2058,244,219,99,808,Spruce_Fir
80984,2901,78,8,319,46,3278,231,226,128,2629,Lodgepole_Pine
15455,3104,90,10,390,26,1788,236,224,118,1539,Spruce_Fir
48226,2740,58,8,335,24,1535,226,224,132,1956,Lodgepole_Pine
81003,3018,53,11,216,13,1008,227,215,121,2431,Lodgepole_Pine
15468,2912,76,16,283,61,2574,238,209,97,2080,Lodgepole_Pine
15476,2942,125,12,342,76,3542,240,232,120,2641,Lodgepole_Pine
48277,2889,56,11,134,21,3073,227,217,122,2581,Lodgepole_Pine
81048,3009,300,9,361,78,2899,194,236,182,1377,Lodgepole_Pine
81058,2778,93,8,216,22,1987,233,228,127,1813,Lodgepole_Pine
81068,3084,75,11,319,47,1533,233,220,117,2773,Lodgepole_Pine
48306,3030,30,16,362,56,2514,214,204,122,2598,Lodgepole_Pine
81095,2829,45,10,420,58,1830,223,217,128,1207,Lodgepole_Pine
48345,3164,18,12,376,40,2015,211,215,139,2678,Spruce_Fir
15578,3105,90,9,210,68,2467,233,227,125,1158,Spruce_Fir
15591,2795,88,7,190,22,2197,231,229,131,2823,Lodgepole_Pine
48365,2873,36,13,391,31,2610,219,211,126,1001,Spruce_Fir
81138,2846,41,10,331,4,2550,221,218,131,895,Spruce_Fir
48380,3049,317,8,362,50,2761,200,233,173,1883,Lodgepole_Pine
48385,3019,320,12,300,36,2985,190,229,179,807,Spruce_Fir
48391,2870,77,12,335,105,1550,235,218,113,1622,Lodgepole_Pine
81162,2947,108,5,234,8,1973,229,234,138,1930,Lodgepole_Pine
15628,3096,92,8,150,-1,2197,233,228,128,2324,Spruce_Fir
81173,2776,74,12,150,41,1548,235,216,111,2493,Lodgepole_Pine
48414,2889,94,13,85,10,3271,240,221,109,2483,Lodgepole_Pine
48415,3036,339,15,127,23,2345,187,218,169,1749,Lodgepole_Pine
48421,2929,42,13,120,17,1620,222,212,123,1302,Lodgepole_Pine
15655,3003,72,8,201,11,3061,229,226,130,1828,Lodgepole_Pine
15660,2911,52,14,190,32,3546,226,210,114,2942,Lodgepole_Pine
81198,3082,95,9,390,41,959,234,227,124,1745,Spruce_Fir
15663,3142,165,14,228,44,2144,231,244,141,2413,Lodgepole_Pine
81200,2848,338,12,376,61,2555,194,223,168,1677,Lodgepole_Pine
81206,3074,287,13,268,79,2554,183,239,196,1651,Lodgepole_Pine
81214,2890,159,14,216,55,2886,234,242,136,3085,Lodgepole_Pine
15689,2925,338,11,283,50,1631,195,224,168,1190,Spruce_Fir
48461,2951,109,13,190,31,3700,242,225,110,2088,Lodgepole_Pine
15698,2931,50,15,283,37,1538,226,207,112,865,Lodgepole_Pine
48483,2702,26,10,201,23,2250,215,218,138,1965,Douglas_fir
81268,2742,124,7,190,23,2475,232,235,136,1797,Lodgepole_Pine
15735,2971,49,10,371,34,3760,224,218,127,2359,Lodgepole_Pine
81274,2853,39,9,182,7,1950,221,220,134,2678,Lodgepole_Pine
15742,2863,24,13,190,30,2641,212,212,134,2672,Lodgepole_Pine
81293,2978,67,13,150,25,1509,232,215,112,2018,Lodgepole_Pine
15768,2886,126,9,351,33,2696,235,234,130,2423,Lodgepole_Pine
48548,2995,72,11,218,4,2676,233,219,117,1448,Lodgepole_Pine
48554,2828,99,14,300,40,1150,242,220,104,1385,Lodgepole_Pine
81335,2724,66,10,228,16,1008,230,220,122,2221,Lodgepole_Pine
81338,3058,30,12,330,70,2279,216,214,132,2647,Spruce_Fir
81346,2929,140,15,255,57,1661,241,235,120,2824,Lodgepole_Pine
81377,3006,82,9,285,65,2414,233,225,124,2509,Lodgepole_Pine
81383,2957,118,10,150,29,1921,238,231,122,2735,Lodgepole_Pine
15884,2934,137,10,162,32,3290,236,236,131,1827,Lodgepole_Pine
15897,2869,110,9,323,57,2424,236,230,126,1972,Lodgepole_Pine
48668,3098,287,11,242,54,2901,188,239,191,1542,Lodgepole_Pine
48670,3025,95,8,228,23,1742,233,229,128,1717,Spruce_Fir
48672,2840,48,15,212,34,2480,224,207,114,2942,Lodgepole_Pine
15907,2970,9,12,272,81,1470,206,216,146,1804,Lodgepole_Pine
48676,2988,217,12,242,57,2424,207,251,179,1434,Lodgepole_Pine
81445,3136,55,11,228,8,2470,227,216,121,1410,Spruce_Fir
15934,3073,281,14,256,78,2548,182,241,198,1621,Lodgepole_Pine
48710,3132,72,10,134,10,1288,232,220,119,2466,Spruce_Fir
48715,2959,91,11,210,5,1900,237,223,117,1292,Lodgepole_Pine
15963,2929,159,15,285,59,872,235,242,133,2007,Lodgepole_Pine
48737,3107,83,12,277,69,824,237,219,112,1702,Spruce_Fir
48740,3035,286,11,108,30,2395,189,240,190,1593,Lodgepole_Pine
81511,2913,115,13,134,40,1620,242,227,113,2088,Lodgepole_Pine
48788,2895,174,11,361,48,3206,227,246,150,2497,Lodgepole_Pine
48792,2841,55,12,67,-4,2589,227,215,119,2230,Lodgepole_Pine
81567,2841,108,10,242,50,2206,238,228,120,1797,Lodgepole_Pine
81576,3180,54,13,362,21,1922,227,211,115,2994,Lodgepole_Pine
16046,2929,15,11,162,34,2080,210,217,143,2994,Spruce_Fir
16055,2842,45,10,242,43,1282,223,219,130,2215,Aspen
81592,3032,45,13,134,9,2067,223,211,120,1616,Lodgepole_Pine
16059,2848,42,7,218,43,2167,221,225,139,2466,Lodgepole_Pine
48832,2981,101,15,162,31,1465,244,218,99,2023,Lodgepole_Pine
48854,2871,106,15,124,8,1932,244,221,102,2518,Lodgepole_Pine
81639,2792,70,15,400,62,2766,235,210,102,1879,Lodgepole_Pine
16106,2811,40,16,216,34,1578,220,204,114,2613,Lodgepole_Pine
81649,2875,289,11,216,31,2423,188,239,191,2363,Lodgepole_Pine
48899,2938,327,14,201,37,2026,185,223,177,1581,Lodgepole_Pine
81675,2936,17,12,306,41,832,210,214,140,1698,Lodgepole_Pine
81676,2832,45,9,212,34,1976,223,221,133,1800,Lodgepole_Pine
16142,2978,47,10,175,2,3550,224,217,127,2214,Spruce_Fir
48916,3034,15,11,309,56,2563,210,216,142,2547,Lodgepole_Pine
16169,2961,67,8,192,33,1874,228,224,129,2758,Lodgepole_Pine
81729,3194,152,17,240,26,2221,238,238,124,1608,Spruce_Fir
48969,2889,94,10,127,16,2084,236,226,120,2436,Krummholz
16202,2937,83,8,240,8,2026,231,227,128,2316,Lodgepole_Pine
48990,2865,156,9,255,23,2300,231,241,142,2174,Aspen
16233,3036,338,16,277,39,2496,184,216,170,1048,Spruce_Fir
81773,2829,45,10,420,58,1830,223,217,128,1207,Lodgepole_Pine
49006,3099,85,8,306,28,1728,232,226,126,1566,Cottonwood_Willow
81780,2959,299,10,313,44,2940,193,237,184,1571,Lodgepole_Pine
81789,3059,166,16,256,44,1722,232,244,138,1031,Spruce_Fir
81794,3022,83,6,362,50,2377,229,230,135,2439,Spruce_Fir
81802,2957,77,6,212,52,3362,228,228,134,1764,Lodgepole_Pine
49035,2870,47,15,162,63,2317,224,206,112,2195,Spruce_Fir
49044,2859,20,8,384,56,2190,215,224,145,1926,Lodgepole_Pine
49045,2979,84,5,301,40,2471,227,231,139,2042,Spruce_Fir
81813,2808,24,11,240,51,1648,214,215,136,1341,Spruce_Fir
16291,2999,43,12,228,-9,3636,222,213,123,2215,Krummholz
16301,3157,47,10,192,22,2898,224,219,129,1110,Spruce_Fir
81838,3042,311,9,323,43,2780,196,234,178,1842,Lodgepole_Pine
16311,2877,161,9,390,28,2860,230,242,144,2656,Lodgepole_Pine
49080,3057,102,10,201,13,3445,238,226,119,2847,Spruce_Fir
49085,2931,137,12,192,28,3352,239,235,124,1282,Lodgepole_Pine
49090,2927,340,16,297,44,3078,185,216,168,1786,Lodgepole_Pine
81860,2686,53,14,124,32,2121,227,208,111,1982,Douglas_fir
16325,2961,313,17,295,64,1959,171,224,193,1559,Lodgepole_Pine
49097,2779,146,13,324,29,2382,237,238,129,2611,Lodgepole_Pine
49110,3007,87,15,277,21,2708,241,215,100,1554,Lodgepole_Pine
16345,3032,27,12,218,33,2984,215,215,135,1590,Lodgepole_Pine
81882,2971,14,9,309,8,1463,212,222,147,1809,Lodgepole_Pine
16361,3094,302,15,324,61,1442,177,232,194,1316,Spruce_Fir
16383,2787,98,10,430,57,2821,237,225,118,1838,Lodgepole_Pine
49163,2828,47,12,175,27,1273,224,214,122,2100,Lodgepole_Pine
81959,2934,335,16,342,52,3116,183,218,173,1826,Spruce_Fir
81975,2982,65,7,242,43,1717,227,226,134,2542,Lodgepole_Pine
16446,2931,74,10,182,2,1875,232,222,122,1892,Lodgepole_Pine
16459,2890,45,15,95,12,1820,223,207,115,2455,Spruce_Fir
16466,3019,75,7,170,4,3121,229,226,130,1691,Ponderosa_Pine
82011,2913,337,14,228,39,1006,189,221,170,1995,Lodgepole_Pine
49254,2842,78,11,390,41,2571,234,220,116,2729,Lodgepole_Pine
82026,2994,47,8,335,62,3181,223,223,134,953,Lodgepole_Pine
49259,2866,61,6,371,41,2047,225,228,137,2257,Lodgepole_Pine
16492,3177,136,15,216,36,2430,243,232,114,1513,Spruce_Fir
49266,3017,72,12,339,37,1127,233,217,114,2292,Lodgepole_Pine
16517,2979,84,5,301,40,2471,227,231,139,2042,Spruce_Fir
16525,2904,52,16,300,91,3144,227,205,107,1996,Lodgepole_Pine
82062,2952,139,10,242,80,3389,235,237,132,2249,Lodgepole_Pine
49303,2824,71,11,85,8,2418,233,218,115,2400,Lodgepole_Pine
49307,2882,113,12,300,46,2589,240,228,117,2520,Lodgepole_Pine
16565,2898,31,11,277,43,3221,217,217,134,2273,Lodgepole_Pine
82114,2999,151,8,446,50,2672,231,240,141,1560,Lodgepole_Pine
49348,3124,120,9,124,16,2155,236,233,128,2475,Spruce_Fir
49367,2959,100,9,421,60,3368,236,227,122,2195,Lodgepole_Pine
49370,3033,112,11,360,53,1355,239,228,118,2554,Lodgepole_Pine
82153,3032,27,12,218,33,2984,215,215,135,1590,Lodgepole_Pine
82162,3060,80,14,150,54,1928,238,215,105,2989,Cottonwood_Willow
82191,2798,41,10,90,15,2016,221,218,131,1995,Aspen
82202,3123,91,13,170,13,2130,240,219,108,3190,Spruce_Fir
16668,2950,16,8,277,68,1956,213,223,146,2445,Lodgepole_Pine
82207,2894,108,10,108,34,3141,238,228,120,2823,Lodgepole_Pine
16673,2717,77,13,134,23,1633,236,215,107,1630,Lodgepole_Pine
16674,3224,98,13,335,61,2419,241,222,109,1390,Spruce_Fir
49442,3001,94,7,323,52,2148,231,230,132,713,Spruce_Fir
82210,2770,112,7,192,24,3007,232,233,133,2383,Lodgepole_Pine
82216,2963,87,10,450,64,3481,235,224,119,2144,Lodgepole_Pine
82232,2790,27,10,295,31,1518,216,219,138,1243,Lodgepole_Pine
49479,2895,143,12,339,42,3241,238,237,127,2563,Lodgepole_Pine
82251,2829,42,7,300,39,1989,222,224,137,1756,Lodgepole_Pine
16720,2760,43,12,150,30,2400,222,213,123,2244,Ponderosa_Pine
49495,2941,88,11,162,19,3650,237,221,114,1490,Lodgepole_Pine
82266,2867,81,9,400,54,3371,233,224,123,2807,Lodgepole_Pine
82273,2960,124,16,127,37,1528,245,227,106,2576,Lodgepole_Pine
82276,2804,80,11,240,53,1276,235,220,116,2380,Lodgepole_Pine
16748,2845,104,12,366,54,2640,241,224,111,1722,Lodgepole_Pine
82291,2981,343,16,162,36,3055,187,215,166,1507,Spruce_Fir
82296,2831,140,11,295,47,2080,237,237,128,1455,Lodgepole_Pine
49531,2891,81,11,350,45,1839,235,219,114,2868,Lodgepole_Pine
49537,2903,323,16,210,47,2912,179,222,182,2347,Lodgepole_Pine
82323,2834,54,14,212,65,2552,228,208,111,2837,Lodgepole_Pine
49557,2979,25,10,190,4,1661,215,219,140,1477,Lodgepole_Pine
82343,2854,97,10,242,31,2605,237,225,119,2890,Lodgepole_Pine
82346,3120,305,13,212,22,1415,182,232,190,2054,Spruce_Fir
82350,2947,311,15,95,38,2070,179,228,189,2248,Lodgepole_Pine
82355,2887,23,14,218,32,3212,211,209,131,2329,Aspen
49588,2893,108,6,201,23,2080,231,233,136,2550,Lodgepole_Pine
49602,2980,66,8,350,51,1860,228,225,131,1784,Lodgepole_Pine
49605,3083,126,10,342,12,1577,238,233,125,1468,Spruce_Fir
16838,2908,24,11,390,39,2118,214,215,136,1848,Lodgepole_Pine
49613,2945,66,11,339,72,1722,231,218,118,2889,Lodgepole_Pine
49620,2916,63,13,85,1,1806,231,214,113,1523,Spruce_Fir
16856,3156,39,10,240,20,2817,221,218,131,1302,Ponderosa_Pine
16858,2952,104,13,134,26,1452,241,223,110,1398,Lodgepole_Pine
16863,2942,28,12,384,69,1922,215,213,133,2568,Lodgepole_Pine
16864,3145,125,13,192,35,1380,241,230,116,1819,Spruce_Fir
49644,2929,78,10,283,60,2056,234,221,118,2242,Lodgepole_Pine
82413,3085,302,10,240,7,2298,191,235,184,1110,Spruce_Fir
82412,3005,83,12,351,54,2173,237,218,110,684,Spruce_Fir
82417,3124,35,10,313,87,2595,219,218,134,1213,Spruce_Fir
16884,2949,163,8,258,47,3394,228,242,147,1758,Lodgepole_Pine
82425,2931,81,6,371,67,3102,229,229,134,2402,Lodgepole_Pine
16921,3027,51,9,182,39,2162,225,221,129,2738,Spruce_Fir
82462,2995,54,8,127,32,1889,225,223,131,1263,Lodgepole_Pine
82484,2957,297,11,242,42,2954,189,237,187,1489,Lodgepole_Pine
16955,2941,88,11,162,19,3650,237,221,114,1490,Lodgepole_Pine
16968,2687,41,9,309,60,2376,221,221,134,2281,Lodgepole_Pine
49746,2816,45,15,350,15,1880,223,206,113,2630,Krummholz
49766,2891,42,7,153,23,3069,221,225,139,2601,Lodgepole_Pine
17008,3257,54,13,350,42,1892,227,211,114,2413,Spruce_Fir
17018,2859,27,10,300,40,2274,216,219,138,2162,Lodgepole_Pine
49804,2760,93,9,256,36,2707,235,226,121,2248,Aspen
17037,2752,175,13,175,46,2656,227,246,149,2301,Lodgepole_Pine
82605,2898,335,15,162,25,2664,184,218,173,2301,Spruce_Fir
82609,3080,338,16,234,63,2820,184,216,170,2394,Spruce_Fir
17087,2931,39,9,192,83,2250,221,220,134,1719,Lodgepole_Pine
82624,2935,141,10,301,88,1671,235,238,133,2313,Lodgepole_Pine
17098,2734,324,14,240,75,1774,183,224,180,1722,Lodgepole_Pine
17110,2788,50,11,150,12,2021,225,217,125,2589,Lodgepole_Pine
82649,2995,56,10,134,15,2160,227,218,124,1055,Lodgepole_Pine
17115,3026,341,11,180,27,2860,197,224,165,1678,Lodgepole_Pine
49884,2823,86,11,150,13,2405,236,222,117,2700,Lodgepole_Pine
17119,3062,87,13,153,22,1259,239,217,106,2177,Lodgepole_Pine
49890,2867,50,12,212,21,1986,225,213,120,2737,Lodgepole_Pine
82663,2933,73,13,150,5,1800,235,215,110,2647,Lodgepole_Pine
17139,3052,109,13,134,17,2078,242,225,110,1421,Spruce_Fir
82676,2810,173,8,268,19,2268,225,244,152,2206,Lodgepole_Pine
82700,2675,147,14,313,41,2201,238,238,127,2455,Ponderosa_Pine
82703,2928,315,10,192,44,3195,192,232,179,2125,Lodgepole_Pine
49937,2769,127,9,228,39,2347,236,234,129,2290,Ponderosa_Pine
82706,3040,177,8,297,44,2293,224,245,154,1316,Lodgepole_Pine
17172,3146,122,8,218,37,2325,233,234,133,2539,Spruce_Fir
49954,3036,336,8,240,37,2876,203,230,166,1708,Lodgepole_Pine
82744,2979,113,16,216,9,1410,246,222,100,2071,Lodgepole_Pine
49980,2977,129,19,270,34,2483,247,225,98,2717,Lodgepole_Pine
82756,2945,328,13,283,43,3112,188,224,175,1575,Spruce_Fir
49991,3042,313,12,150,10,2033,187,230,183,1290,Spruce_Fir
82761,2843,81,16,277,72,3220,240,210,96,1575,Lodgepole_Pine
82772,2915,125,11,228,23,2066,239,232,121,895,Lodgepole_Pine
50005,2830,90,9,228,2,2701,234,226,123,2530,Lodgepole_Pine
17238,2803,50,14,210,22,1433,226,208,113,1181,Lodgepole_Pine
50012,2900,93,8,153,36,3090,233,228,127,2525,Lodgepole_Pine
50014,2963,67,12,297,23,2060,232,216,115,616,Spruce_Fir
50023,2864,125,10,182,32,1899,236,233,127,2402,Lodgepole_Pine
17262,3030,301,15,182,35,2452,176,232,196,1410,Spruce_Fir
17265,2949,117,12,210,21,1053,240,229,118,2304,Lodgepole_Pine
82803,2892,63,9,201,7,1681,228,222,127,2163,Lodgepole_Pine
50042,2898,103,8,175,43,2866,233,230,130,2239,Lodgepole_Pine
82816,3060,92,8,283,41,1261,233,227,126,2806,Lodgepole_Pine
82822,2868,84,7,300,57,1387,231,227,129,2995,Lodgepole_Pine
17297,2835,91,13,210,72,1602,240,218,106,1574,Aspen
17300,2881,48,11,180,12,1945,224,215,123,2021,Lodgepole_Pine
50092,2860,84,13,277,59,2954,238,217,107,2389,Lodgepole_Pine
50101,2984,312,14,240,57,1570,181,229,188,1448,Lodgepole_Pine
17339,2813,102,14,150,10,2089,243,221,104,1648,Lodgepole_Pine
17340,2875,69,12,268,27,2839,232,217,115,2684,Lodgepole_Pine
17344,3032,32,9,382,14,1128,218,220,137,1812,Spruce_Fir
50118,2998,94,8,306,49,2106,232,229,129,750,Spruce_Fir
82887,2995,37,9,192,22,3670,220,220,135,2281,Spruce_Fir
50150,3118,323,11,319,12,2581,191,228,177,962,Spruce_Fir
50153,2920,308,11,319,25,3056,190,233,183,2083,Spruce_Fir
82924,3123,107,8,256,33,1099,234,231,129,1794,Spruce_Fir
50160,3010,98,10,127,20,1682,237,225,118,1890,Lodgepole_Pine
50163,2844,38,11,256,52,2483,220,216,130,3259,Lodgepole_Pine
82935,3121,114,10,150,2,2121,238,230,121,2184,Lodgepole_Pine
82946,3136,92,11,150,26,1410,237,223,116,1837,Spruce_Fir
17410,2861,143,12,285,50,1450,237,237,129,2979,Lodgepole_Pine
82958,2983,123,8,162,30,2105,234,234,131,2875,Lodgepole_Pine
17432,3079,76,11,162,20,1988,234,220,117,3492,Spruce_Fir
17438,2925,103,10,150,23,3249,237,227,120,1857,Lodgepole_Pine
50209,3007,52,8,408,55,1209,225,222,131,2336,Lodgepole_Pine
50214,3012,78,12,361,72,1613,235,219,114,830,Lodgepole_Pine
50215,2950,39,9,240,69,1410,221,220,134,1921,Lodgepole_Pine
17461,2868,312,11,175,24,2465,190,232,182,2355,Lodgepole_Pine
17464,2714,65,12,300,83,1556,232,215,113,1614,Lodgepole_Pine
17470,2837,32,12,153,18,1782,217,213,129,2638,Lodgepole_Pine
83008,2885,53,9,339,59,819,226,221,129,1495,Aspen
50260,2970,104,14,256,50,3726,242,222,107,2032,Lodgepole_Pine
17494,3165,75,12,228,32,3012,234,217,113,2929,Lodgepole_Pine
83036,2990,87,12,306,70,1819,238,219,109,1350,Spruce_Fir
50270,3031,4,11,277,45,2358,206,220,151,2059,Lodgepole_Pine
17507,2939,84,9,190,27,3893,233,225,123,1702,Lodgepole_Pine
50279,2960,92,8,420,61,3340,233,227,126,2206,Lodgepole_Pine
83047,2849,18,12,384,54,3274,211,215,139,1224,Lodgepole_Pine
83052,3001,31,13,212,31,872,216,212,129,1922,Lodgepole_Pine
83053,2843,43,9,242,55,1187,222,220,133,3163,Spruce_Fir
83054,2798,24,13,182,19,1531,213,211,133,2581,Lodgepole_Pine
50299,2696,120,13,192,47,2227,242,229,114,2102,Douglas_fir
50300,3080,288,10,295,85,2584,191,239,188,1652,Lodgepole_Pine
17537,2907,146,14,175,38,1670,238,238,127,1315,Lodgepole_Pine
17545,2908,23,13,85,21,1978,212,213,135,1443,Lodgepole_Pine
50320,2784,90,5,335,28,2133,227,232,139,1742,Lodgepole_Pine
83091,2889,128,14,212,46,2187,242,231,115,789,Lodgepole_Pine
17556,2841,36,13,162,39,2096,219,211,126,1366,Lodgepole_Pine
17566,3142,39,6,240,42,2483,220,227,142,1641,Spruce_Fir
50335,2846,56,9,85,9,2506,226,222,130,2588,Lodgepole_Pine
83108,2762,94,6,212,30,2640,230,231,134,1850,Lodgepole_Pine
17587,3009,76,7,124,7,2136,229,227,131,1507,Spruce_Fir
17589,2900,66,9,150,43,832,229,221,124,1907,Lodgepole_Pine
50362,2900,50,15,309,31,3215,226,206,110,2725,Lodgepole_Pine
83131,2821,41,13,124,23,1874,221,211,123,1681,Lodgepole_Pine
83145,2888,129,7,201,60,1374,231,236,137,2018,Lodgepole_Pine
83152,2885,67,15,124,16,1907,234,208,102,2097,Lodgepole_Pine
83153,3103,315,10,162,27,2156,192,232,179,2290,Lodgepole_Pine
83159,2818,83,15,95,27,2060,240,213,99,1766,Lodgepole_Pine
83185,2942,38,11,108,25,2117,220,216,129,2155,Spruce_Fir
17653,3023,98,16,331,85,2193,244,216,97,1825,Lodgepole_Pine
50434,2991,29,13,216,26,870,215,211,130,1939,Lodgepole_Pine
17669,2835,327,8,190,47,2038,200,231,170,1984,Lodgepole_Pine
17671,2945,328,13,283,43,3112,188,224,175,1575,Spruce_Fir
50441,2932,163,17,240,50,900,234,242,133,1922,Lodgepole_Pine
50443,2945,128,9,150,4,1988,235,235,131,1806,Lodgepole_Pine
83214,2852,103,13,150,60,1182,242,222,108,1752,Lodgepole_Pine
83218,2980,77,9,242,41,497,232,224,125,2132,Lodgepole_Pine
50463,3026,55,13,124,11,2096,228,212,115,1608,Lodgepole_Pine
17719,2816,95,8,277,28,1130,233,229,128,1323,Spruce_Fir
17760,2911,73,10,212,23,1584,232,221,121,967,Lodgepole_Pine
17762,2838,88,11,309,50,2584,236,222,116,1579,Lodgepole_Pine
50541,2970,69,10,242,30,1471,231,221,122,660,Lodgepole_Pine
50543,2835,21,12,283,29,1939,212,214,138,2630,Spruce_Fir
83324,3126,79,9,379,19,2120,232,224,124,2356,Spruce_Fir
17789,3081,313,12,150,8,2936,187,230,183,1465,Lodgepole_Pine
83337,2984,45,8,228,19,3612,223,223,135,2271,Spruce_Fir
83338,3119,83,11,342,75,3274,235,221,116,2998,Spruce_Fir
83341,2951,88,12,180,18,1100,238,220,110,2295,Lodgepole_Pine
17807,3062,84,13,360,21,1022,238,218,108,1758,Spruce_Fir
50582,2804,40,12,256,43,1471,221,213,124,1158,Lodgepole_Pine
83360,2906,34,11,277,74,2290,219,216,132,641,Lodgepole_Pine
17833,2848,326,13,127,32,2377,189,226,177,2223,Spruce_Fir
50624,2934,117,15,228,52,1590,244,225,106,1994,Lodgepole_Pine
50637,3051,313,8,319,29,2210,199,234,175,1304,Spruce_Fir
17870,3061,179,13,216,35,2012,225,247,152,1614,Lodgepole_Pine
83411,3040,332,14,216,55,2555,188,222,173,1922,Ponderosa_Pine
50647,2982,118,14,366,60,3651,243,227,110,1575,Lodgepole_Pine
17883,3161,39,10,301,25,2817,221,218,131,1364,Spruce_Fir
17884,2951,308,12,228,68,1982,188,232,185,2394,Lodgepole_Pine
50661,2815,63,13,182,51,1707,231,214,113,1308,Lodgepole_Pine
83438,2870,119,14,384,67,2760,244,227,108,1871,Lodgepole_Pine
83439,3142,91,13,228,51,1664,240,219,108,3341,Spruce_Fir
83440,2972,61,17,210,33,1758,232,202,96,2583,Lodgepole_Pine
50687,2903,36,12,457,61,2646,219,213,128,1146,Spruce_Fir
17936,2833,40,8,212,33,2337,221,223,137,1935,Lodgepole_Pine
50713,2906,52,13,95,19,2197,227,212,117,2835,Lodgepole_Pine
83482,2897,50,14,255,44,3324,226,208,113,2724,Lodgepole_Pine
17949,3043,54,11,424,0,2594,226,216,122,2651,Lodgepole_Pine
17957,2891,340,13,175,40,1624,192,220,167,2561,Spruce_Fir
83522,2997,78,13,182,34,1524,237,215,106,1900,Lodgepole_Pine
17992,2888,94,7,342,62,2624,231,230,132,2197,Lodgepole_Pine
83535,2956,151,15,190,48,2002,238,239,127,1033,Lodgepole_Pine
18003,3099,52,11,127,4,2309,226,217,124,1390,Spruce_Fir
83540,3061,41,10,234,24,2461,221,219,132,2996,Lodgepole_Pine
83545,3065,66,11,450,24,1034,231,218,118,1825,Spruce_Fir
18013,2718,24,12,297,39,2347,213,214,135,1864,Douglas_fir
18015,3019,27,10,319,14,1087,216,219,138,1725,Spruce_Fir
83562,2958,100,10,301,75,2258,237,227,120,1703,Lodgepole_Pine
18053,3093,60,13,175,12,1295,230,212,113,2790,Spruce_Fir
50823,3021,83,11,108,15,1773,236,220,114,1832,Spruce_Fir
83598,2874,315,12,256,27,2419,188,230,182,2430,Lodgepole_Pine
83611,3066,79,4,234,36,2372,224,233,144,1931,Lodgepole_Pine
50848,3034,308,8,240,56,2506,198,235,177,1034,Lodgepole_Pine
50859,2764,100,8,180,40,2799,234,229,127,2440,Lodgepole_Pine
83642,3140,64,12,330,22,2884,231,215,114,992,Spruce_Fir
50875,2864,120,16,242,43,2419,245,225,104,2683,Lodgepole_Pine
18108,3199,89,11,323,16,1554,236,223,117,1530,Spruce_Fir
18114,2905,167,12,470,57,2542,230,244,145,1974,Lodgepole_Pine
18146,2992,160,13,108,16,1583,233,242,138,2418,Lodgepole_Pine
50920,2970,92,15,319,47,3713,242,215,98,1489,Lodgepole_Pine
83691,3068,333,14,190,60,1664,186,221,174,2096,Cottonwood_Willow
18160,2942,107,17,228,54,2184,247,218,94,1855,Lodgepole_Pine
83719,2680,60,13,258,34,2322,230,212,113,2221,Douglas_fir
18184,2970,317,11,180,33,1741,190,230,180,655,Lodgepole_Pine
18186,2958,100,10,301,75,2258,237,227,120,1703,Lodgepole_Pine
50972,2893,70,14,295,40,2914,234,211,105,2603,Lodgepole_Pine
83754,2913,37,11,395,24,2457,219,215,129,1361,Spruce_Fir
51000,3091,20,13,247,14,1530,210,211,135,1950,Spruce_Fir
51011,2780,54,12,258,34,3010,227,214,118,2424,Lodgepole_Pine
51037,2848,45,9,124,15,2763,223,220,132,2804,Lodgepole_Pine
18276,2902,340,11,150,14,2934,197,224,166,1782,Spruce_Fir
51052,2829,23,13,162,8,1774,212,213,135,1637,Lodgepole_Pine
83822,2808,49,15,384,-1,1806,225,207,113,2375,Spruce_Fir
18297,3132,52,14,300,26,2313,226,209,113,1692,Lodgepole_Pine
51069,3058,32,13,247,70,2207,216,210,127,2755,Spruce_Fir
18307,2899,17,12,324,62,2554,210,214,140,2372,Lodgepole_Pine
18310,3118,280,12,319,33,3127,186,241,195,1655,Lodgepole_Pine
51085,2899,149,15,283,86,2082,238,238,126,1136,Lodgepole_Pine
83863,3045,97,16,218,42,2423,244,215,95,1922,Lodgepole_Pine
83875,2830,62,11,268,48,2361,230,217,119,3503,Lodgepole_Pine
18341,3050,150,13,210,35,1655,236,239,131,994,Spruce_Fir
83878,3204,83,12,242,39,3061,237,218,110,2069,Spruce_Fir
51115,2792,25,12,234,51,1584,213,213,134,2577,Lodgepole_Pine
18353,3224,98,13,335,61,2419,241,222,109,1390,Spruce_Fir
18363,3090,102,10,351,19,1682,237,227,120,1500,Spruce_Fir
83900,2800,113,8,218,27,2236,234,232,129,2696,Lodgepole_Pine
51136,2978,74,12,242,49,1980,235,216,111,1879,Lodgepole_Pine
83927,3031,53,7,162,23,2512,224,225,135,1087,Spruce_Fir
83933,2921,66,14,170,28,2083,233,211,108,2190,Spruce_Fir
51174,2950,29,12,466,81,2248,216,213,132,2101,Lodgepole_Pine
18409,2844,59,11,190,4,1226,228,217,120,2367,Lodgepole_Pine
83945,2925,169,15,218,78,1693,230,245,142,2448,Lodgepole_Pine
83947,2827,59,7,210,27,1739,226,226,134,2591,Lodgepole_Pine
18412,2896,129,9,256,33,2107,235,235,130,2496,Lodgepole_Pine
51199,3039,104,8,306,41,1172,234,230,129,2805,Lodgepole_Pine
51210,2815,72,10,324,69,1694,232,220,119,2635,Lodgepole_Pine
51211,3135,97,15,270,29,2343,243,218,101,1710,Lodgepole_Pine
18444,3056,172,14,150,18,1617,228,246,146,2296,Spruce_Fir
18455,3015,85,13,60,11,2161,238,218,109,1624,Lodgepole_Pine
18485,3020,31,13,313,49,2505,216,212,129,2542,Lodgepole_Pine
84029,2845,93,9,342,34,1585,235,226,121,2955,Lodgepole_Pine
51265,3070,55,9,376,13,3114,226,221,128,1537,Lodgepole_Pine
84047,2802,73,6,424,46,1968,227,229,136,2097,Lodgepole_Pine
18519,2895,143,9,175,21,3248,234,238,135,2135,Lodgepole_Pine
51299,2991,292,11,390,76,2831,188,238,189,1577,Lodgepole_Pine
51315,3061,53,12,258,4,3158,227,214,119,1440,Lodgepole_Pine
18547,2957,77,6,212,52,3362,228,228,134,1764,Lodgepole_Pine
51325,2827,99,9,201,24,2147,235,228,125,1660,Lodgepole_Pine
84106,3021,68,7,361,41,1154,227,226,133,2316,Lodgepole_Pine
18575,2889,89,11,216,39,2929,236,223,117,2355,Lodgepole_Pine
51362,3083,320,11,268,46,1415,192,230,177,1503,Lodgepole_Pine
18609,2828,58,13,361,93,1772,229,211,113,2713,Lodgepole_Pine
18612,3120,305,13,212,22,1415,182,232,190,2054,Spruce_Fir
84148,2861,54,8,256,48,3494,225,223,131,2839,Lodgepole_Pine
84151,2841,108,10,242,50,2206,238,228,120,1797,Lodgepole_Pine
84157,3016,35,13,201,-1,1697,218,210,125,1271,Spruce_Fir
51392,3033,82,13,297,9,1146,237,217,108,2663,Lodgepole_Pine
51399,3141,35,12,300,23,2846,219,214,129,1020,Spruce_Fir
18634,2933,175,15,268,57,2995,227,247,148,1657,Lodgepole_Pine
51405,2833,14,12,268,58,1600,209,216,143,2659,Lodgepole_Pine
51407,3029,87,12,258,39,4138,238,219,109,2544,Lodgepole_Pine
51421,3000,91,11,277,40,968,237,223,117,2480,Lodgepole_Pine
51437,2855,102,10,255,11,2973,237,227,120,2746,Lodgepole_Pine
18681,2930,40,15,391,56,1883,220,206,117,2590,Lodgepole_Pine
18683,2817,122,12,335,46,1061,241,230,117,2647,Lodgepole_Pine
51452,2999,79,10,342,54,4022,234,222,119,1802,Lodgepole_Pine
18694,2862,142,14,150,29,2797,240,236,122,2208,Lodgepole_Pine
84236,2791,75,7,162,23,2168,228,228,133,2826,Lodgepole_Pine
84247,2896,48,7,426,29,2910,223,224,136,2230,Lodgepole_Pine
84252,2957,18,10,127,5,2383,213,220,143,2002,Spruce_Fir
18726,2913,152,9,470,58,2564,232,240,139,1994,Lodgepole_Pine
84278,3041,51,10,339,7,3896,225,218,126,2442,Lodgepole_Pine
51515,3063,59,11,175,3,2123,228,217,120,1515,Spruce_Fir
18762,2859,105,11,134,26,2808,239,226,116,2631,Lodgepole_Pine
51537,2967,88,8,421,61,3540,232,227,128,2098,Lodgepole_Pine
84306,2927,131,9,351,80,1613,236,235,130,2219,Douglas_fir
84315,2773,54,8,212,43,2431,225,223,131,2207,Ponderosa_Pine
84328,3034,338,12,212,39,2481,194,223,168,1956,Lodgepole_Pine
51564,3003,342,14,150,15,2559,189,217,166,2128,Spruce_Fir
18804,2930,313,12,134,34,2995,187,230,183,2242,Lodgepole_Pine
84341,2875,99,9,180,15,3060,235,228,125,2632,Lodgepole_Pine
84342,2898,50,12,474,68,1687,225,214,122,2962,Lodgepole_Pine
84360,2788,150,8,228,17,2335,230,240,142,1848,Lodgepole_Pine
18839,3028,320,16,210,34,2679,177,223,185,1825,Cottonwood_Willow
84379,3051,147,8,192,37,2088,232,239,140,1487,Lodgepole_Pine
84384,3096,72,10,277,37,693,232,221,120,1518,Lodgepole_Pine
84386,3082,69,11,108,22,2277,232,218,116,1260,Spruce_Fir
84408,3033,45,13,319,51,1170,223,210,119,1184,Lodgepole_Pine
84416,2903,307,15,272,12,2682,178,230,192,1452,Lodgepole_Pine
84425,2858,76,11,283,70,1478,234,220,117,1452,Lodgepole_Pine
18891,3100,113,12,175,33,3148,240,228,116,3109,Spruce_Fir
51662,2934,72,8,342,52,3156,229,226,130,1854,Lodgepole_Pine
84436,2824,166,9,212,23,2607,228,244,148,2556,Krummholz
84438,2786,113,7,255,12,2830,233,233,132,2222,Lodgepole_Pine
18941,2969,167,13,228,67,1622,231,244,143,2735,Aspen
84478,3150,47,9,210,50,2501,223,220,131,1714,Spruce_Fir
84480,2992,76,8,190,29,1492,230,226,128,1865,Lodgepole_Pine
18953,2807,111,13,402,77,2589,242,225,110,2047,Spruce_Fir
84493,2917,88,17,218,30,2080,243,210,91,2935,Lodgepole_Pine
51730,2996,32,9,175,22,2280,218,221,138,2642,Lodgepole_Pine
84500,2986,47,11,234,17,2584,224,217,126,1663,Spruce_Fir
18967,2929,282,12,134,41,2984,188,241,193,2321,Lodgepole_Pine
84505,3063,83,13,108,21,1471,238,216,106,2547,Lodgepole_Pine
51753,2964,86,8,342,55,1710,232,227,129,1806,Lodgepole_Pine
51756,2873,15,8,382,56,2340,213,223,147,2028,Lodgepole_Pine
19001,2983,137,12,150,4,1680,238,235,126,1295,Lodgepole_Pine
51770,3046,73,10,170,1,2045,232,221,121,1567,Spruce_Fir
19017,2846,341,16,242,51,1748,184,214,168,1642,Douglas_fir
19019,2922,75,14,192,19,1075,236,213,105,2249,Lodgepole_Pine
84560,3089,69,7,210,12,2378,228,226,131,2118,Spruce_Fir
19067,3055,80,13,120,15,1237,237,217,109,2136,Lodgepole_Pine
84607,2893,27,11,228,14,1530,215,217,137,2363,Lodgepole_Pine
51847,2971,130,16,365,28,2605,245,229,108,2594,Lodgepole_Pine
84616,3192,59,11,324,33,3098,228,217,120,2843,Lodgepole_Pine
19082,3005,326,15,180,28,1224,182,222,179,1836,Lodgepole_Pine
51853,2814,42,11,120,14,1834,222,215,127,2497,Lodgepole_Pine
19085,3005,83,12,351,54,2173,237,218,110,684,Spruce_Fir
84625,2993,319,10,150,27,3185,194,231,177,1959,Lodgepole_Pine
19093,2768,51,13,182,27,1632,226,212,118,1253,Spruce_Fir
19105,2962,83,13,175,21,1800,238,216,106,1053,Aspen
51877,2984,292,9,153,35,1978,194,238,185,1144,Lodgepole_Pine
19109,2875,41,10,240,-5,1991,221,218,131,2779,Lodgepole_Pine
84645,2879,106,14,153,33,1239,243,223,107,2442,Lodgepole_Pine
84646,2975,85,10,319,16,3544,235,222,118,1068,Lodgepole_Pine
19114,3117,137,11,190,27,1045,237,236,129,1765,Spruce_Fir
84651,2908,104,10,180,0,1549,237,228,121,1574,Lodgepole_Pine
51897,2858,124,15,150,39,2760,245,227,107,2103,Lodgepole_Pine
84666,2869,157,8,255,26,3000,229,241,145,2451,Spruce_Fir
51901,2728,52,13,150,30,2058,226,211,115,1348,Lodgepole_Pine
51908,2785,313,13,268,54,1745,186,230,184,1082,Aspen
51910,2792,109,13,437,40,1758,242,225,110,2805,Lodgepole_Pine
84686,2940,158,10,300,22,2573,231,242,141,2563,Lodgepole_Pine
51928,3038,43,8,182,15,3219,222,222,136,1606,Lodgepole_Pine
19161,2880,83,6,350,68,2521,229,230,135,2096,Lodgepole_Pine
51932,2960,36,14,295,65,1947,218,207,122,3116,Lodgepole_Pine
19167,2971,110,15,162,29,2044,245,221,101,2827,Lodgepole_Pine
84718,2867,58,13,175,12,2995,229,211,113,2592,Lodgepole_Pine
51953,3160,36,11,242,24,2844,219,216,131,1279,Spruce_Fir
19190,2945,110,9,255,75,2910,236,230,126,1739,Lodgepole_Pine
84726,2748,145,8,216,25,2506,231,239,141,1783,Lodgepole_Pine
51964,2973,340,11,295,65,2468,197,224,166,1986,Spruce_Fir
19210,3162,56,11,306,28,842,227,217,122,2190,Spruce_Fir
84766,2807,96,10,272,34,2300,236,226,121,2759,Lodgepole_Pine
19240,2875,167,15,180,37,977,231,244,140,2244,Lodgepole_Pine
84779,2816,31,13,95,16,1848,216,212,129,2501,Lodgepole_Pine
84780,3179,89,14,360,63,2293,240,217,104,2889,Spruce_Fir
84792,2753,326,11,350,58,1844,194,228,174,2284,Douglas_fir
84793,3207,80,13,170,27,2123,237,215,107,1749,Spruce_Fir
52026,3043,15,11,124,21,1924,211,218,143,1560,Spruce_Fir
19262,2835,28,10,150,13,1834,216,217,136,2640,Lodgepole_Pine
19266,2840,88,6,228,35,2496,230,229,133,3017,Lodgepole_Pine
19267,3025,94,9,242,21,1747,235,226,122,1728,Spruce_Fir
84806,3118,45,8,330,28,2012,223,223,135,2188,Lodgepole_Pine
52041,2833,41,13,201,32,1302,221,210,122,2082,Lodgepole_Pine
19276,2869,14,12,210,0,1936,208,214,141,1869,Lodgepole_Pine
52045,2899,80,10,124,8,3523,234,223,120,1777,Lodgepole_Pine
19282,3019,103,11,127,14,2295,239,225,115,2984,Lodgepole_Pine
19287,2763,78,14,153,50,1359,237,214,105,2274,Lodgepole_Pine
19309,2920,82,12,277,65,3449,237,219,111,2250,Lodgepole_Pine
19315,2645,71,13,127,36,2206,234,214,110,2162,Douglas_fir
84853,2963,332,15,277,42,1894,184,220,175,1708,Lodgepole_Pine
52097,2793,130,7,342,15,2215,232,236,136,1851,Lodgepole_Pine
52099,2994,24,11,297,18,1710,214,216,137,1323,Lodgepole_Pine
52106,2844,66,8,309,46,2067,228,225,131,1802,Lodgepole_Pine
19340,2885,51,9,335,35,1745,225,220,128,807,Aspen
52129,2956,133,16,242,26,2486,244,230,109,2681,Lodgepole_Pine
52130,2817,45,10,240,33,2442,223,217,128,1406,Lodgepole_Pine
84907,3050,108,14,192,65,3695,244,222,104,2563,Spruce_Fir
84909,2974,309,15,295,91,2824,177,229,192,2230,Lodgepole_Pine
84916,2900,325,11,216,54,1275,192,228,175,1560,Lodgepole_Pine
84920,3010,27,11,201,36,876,215,217,137,1907,Lodgepole_Pine
19394,2855,160,16,162,29,2471,235,242,132,2674,Spruce_Fir
52164,2824,58,11,270,11,3278,228,218,122,2639,Lodgepole_Pine
84937,2998,43,11,162,7,1055,222,215,126,1543,Spruce_Fir
52178,2924,175,13,210,77,1684,227,246,149,2359,Lodgepole_Pine
19417,2880,163,11,268,52,1091,231,243,143,2523,Lodgepole_Pine
19420,3072,38,9,451,73,2931,221,221,135,1752,Lodgepole_Pine
52189,3174,165,16,182,55,1921,232,243,137,2656,Lodgepole_Pine
19432,2809,16,10,300,12,1575,212,220,145,2258,Lodgepole_Pine
84971,2852,58,12,365,60,2081,228,215,117,2806,Lodgepole_Pine
84979,2875,21,13,127,22,2617,211,212,135,2526,Lodgepole_Pine
52226,2693,24,11,180,22,2172,214,216,137,1965,Douglas_fir
84995,3113,45,13,277,33,3587,223,210,119,2737,Spruce_Fir
85003,2760,103,9,180,36,2770,236,228,122,2412,Lodgepole_Pine
52241,3000,277,11,234,27,2300,189,242,193,967,Lodgepole_Pine
52254,3006,57,13,350,51,2438,228,212,115,2579,Lodgepole_Pine
19516,2927,309,16,268,57,1590,176,228,192,1231,Spruce_Fir
19520,3025,87,12,330,45,1342,238,219,109,2551,Spruce_Fir
85058,2946,312,14,212,7,2856,182,229,187,2131,Spruce_Fir
85067,2821,62,9,180,21,1776,228,221,125,2550,Lodgepole_Pine
52309,3069,37,9,335,81,2219,220,220,135,2682,Spruce_Fir
85081,2852,95,11,295,8,2975,238,224,116,2713,Lodgepole_Pine
19552,2900,93,8,153,36,3090,233,228,127,2525,Lodgepole_Pine
85091,2943,128,18,234,57,2213,247,226,101,1959,Lodgepole_Pine
52328,2995,39,14,162,1,1660,220,209,121,1368,Lodgepole_Pine
19562,2976,57,8,285,7,2526,226,223,131,1421,Spruce_Fir
85109,2923,343,13,234,39,3024,193,219,165,1729,Spruce_Fir
19588,2963,87,13,108,51,2407,239,218,108,864,Spruce_Fir
52395,2814,62,11,240,33,1471,230,217,119,1221,Lodgepole_Pine
19627,3142,85,12,277,62,3477,237,220,112,3095,Lodgepole_Pine
52397,3133,130,16,190,14,2160,244,230,110,2124,Lodgepole_Pine
85163,2953,118,9,283,23,3437,237,232,126,1182,Lodgepole_Pine
85168,2977,36,15,190,15,1549,218,206,120,1535,Lodgepole_Pine
85190,2933,35,11,234,42,658,219,215,131,1783,Lodgepole_Pine
85191,2998,72,12,95,19,2067,234,216,112,2754,Spruce_Fir
52425,3043,42,6,285,70,2250,221,227,141,2630,Spruce_Fir
85198,3066,34,12,201,49,1348,218,214,130,2949,Spruce_Fir
52438,2991,47,10,350,8,2363,224,217,127,2525,Lodgepole_Pine
85210,3081,20,14,277,64,1409,209,210,135,2843,Spruce_Fir
19678,3016,55,13,430,63,1250,228,211,113,2376,Lodgepole_Pine
52451,2998,77,13,404,29,2700,236,216,108,1533,Spruce_Fir
52454,2860,43,10,268,58,2648,222,217,129,1698,Lodgepole_Pine
85230,2901,27,7,256,51,2620,218,225,144,2641,Lodgepole_Pine
19703,2776,83,8,150,20,1932,232,226,127,1765,Lodgepole_Pine
52475,2897,339,12,192,50,3342,193,222,168,2522,Lodgepole_Pine
85251,2868,57,14,268,39,1442,229,209,110,2089,Lodgepole_Pine
52491,2912,301,12,319,24,3013,186,235,189,2086,Spruce_Fir
52499,2946,126,14,268,56,1530,243,229,112,1231,Lodgepole_Pine
85286,3223,81,7,255,33,2206,230,227,129,1691,Spruce_Fir
85287,3029,79,10,283,51,1120,234,222,119,2697,Lodgepole_Pine
85296,3004,110,9,474,42,1443,236,230,126,2182,Lodgepole_Pine
52532,2962,304,9,272,47,2971,196,236,180,1516,Lodgepole_Pine
52533,2855,142,13,190,34,2355,239,236,124,2748,Lodgepole_Pine
52536,3077,173,8,361,51,2148,225,244,152,1592,Lodgepole_Pine
52545,3146,122,8,218,37,2325,233,234,133,2539,Spruce_Fir
52558,3164,77,8,376,48,2110,230,226,129,2969,Spruce_Fir
85338,2814,113,8,242,49,2518,234,232,129,2535,Lodgepole_Pine
85346,2802,34,11,277,29,1600,219,217,133,1296,Lodgepole_Pine
85350,2899,325,10,190,35,2942,196,230,173,1884,Spruce_Fir
52582,2892,39,12,437,50,2643,220,213,126,1087,Spruce_Fir
85352,2828,166,10,150,27,2753,229,244,147,2471,Lodgepole_Pine
52589,2824,137,12,272,33,2746,239,235,124,2520,Lodgepole_Pine
52596,2828,79,10,153,29,1177,234,222,119,2221,Lodgepole_Pine
19831,2821,41,13,124,23,1874,221,211,123,1681,Ponderosa_Pine
85374,2988,54,8,212,35,834,225,223,131,2021,Lodgepole_Pine
85397,2904,21,11,424,35,2126,213,217,140,1725,Lodgepole_Pine
85400,2759,24,13,240,70,1149,212,212,134,2130,Lodgepole_Pine
19865,2909,38,17,319,60,3107,218,201,113,1889,Lodgepole_Pine
52642,2965,46,14,256,-7,1507,224,208,115,1651,Lodgepole_Pine
19878,3085,113,14,182,53,2377,244,224,107,3331,Spruce_Fir
85415,3005,168,15,270,58,2415,231,245,141,2847,Lodgepole_Pine
85414,2793,97,8,124,14,2220,234,228,127,1556,Lodgepole_Pine
85432,3046,81,11,335,43,1218,235,219,114,2913,Lodgepole_Pine
19901,2859,152,8,255,23,2274,230,240,142,2179,Lodgepole_Pine
85438,2748,84,15,283,58,2841,240,212,98,1263,Ponderosa_Pine
19904,2804,130,12,277,71,3100,240,233,122,2771,Lodgepole_Pine
52686,2796,41,15,277,71,1148,221,207,118,1689,Lodgepole_Pine
52690,3035,52,10,525,63,2438,226,218,125,2406,Spruce_Fir
52691,2644,38,14,201,30,1956,219,209,122,2192,Krummholz
19933,2943,19,12,426,79,2694,211,214,138,1926,Lodgepole_Pine
19941,2815,51,12,382,32,1871,226,214,120,1718,Lodgepole_Pine
85480,2882,96,5,242,44,2522,228,233,139,2588,Spruce_Fir
19952,2806,81,7,255,19,2808,230,227,129,2412,Lodgepole_Pine
85490,2931,322,14,120,19,3015,184,226,181,1465,Spruce_Fir
52740,2868,104,12,366,66,2760,241,224,111,1891,Lodgepole_Pine
19981,3068,68,13,210,67,2084,233,213,109,2850,Spruce_Fir
52754,2859,20,8,384,56,2190,215,224,145,1926,Lodgepole_Pine
85524,2768,69,9,182,12,1974,230,222,125,1652,Lodgepole_Pine
52761,3085,146,10,120,17,1773,234,239,135,2123,Spruce_Fir
20011,3101,315,11,216,25,2201,192,231,180,2255,Spruce_Fir
20018,3058,63,14,283,59,1605,232,211,109,1224,Lodgepole_Pine
52787,2860,57,10,190,44,3430,227,219,125,2914,Lodgepole_Pine
52795,2998,92,12,247,40,3840,239,221,110,1376,Lodgepole_Pine
52803,3010,331,12,283,4,2981,190,224,173,1320,Spruce_Fir
52810,3058,22,13,180,41,1301,212,213,136,2796,Spruce_Fir
20042,2711,16,10,212,54,1731,211,219,143,2177,Lodgepole_Pine
85583,2913,312,12,270,49,1950,188,231,183,960,Lodgepole_Pine
20052,3058,42,13,277,21,2461,222,212,123,2954,Lodgepole_Pine
20078,2856,33,8,212,11,1342,219,222,139,2338,Lodgepole_Pine
20083,2945,57,8,277,75,2888,226,223,132,1756,Lodgepole_Pine
20088,2868,29,16,192,45,2413,213,204,123,2214,Lodgepole_Pine
52864,3017,47,16,201,30,2401,224,204,110,1981,Lodgepole_Pine
52865,3026,303,11,339,66,2264,189,235,186,564,Lodgepole_Pine
52871,2957,128,11,451,23,2717,238,233,125,2460,Lodgepole_Pine
85650,3026,43,12,255,8,1333,222,213,124,2568,Cottonwood_Willow
85660,2876,23,10,150,24,3035,214,219,140,2650,Lodgepole_Pine
52896,3128,38,15,228,42,3087,218,205,118,1450,Spruce_Fir
20132,2892,113,5,376,36,2656,230,234,138,2431,Lodgepole_Pine
85670,2881,67,14,379,45,1774,233,212,109,2873,Lodgepole_Pine
85671,3034,66,8,330,79,2381,228,225,131,815,Lodgepole_Pine
20143,2877,93,8,190,29,2879,233,228,127,2312,Lodgepole_Pine
85690,2994,18,8,301,78,2227,214,223,145,2451,Lodgepole_Pine
20156,2960,332,14,210,61,3388,187,222,174,2026,Lodgepole_Pine
20164,2792,101,11,295,54,1657,238,226,117,2598,Lodgepole_Pine
20166,2866,32,12,85,39,1950,217,214,131,1167,Spruce_Fir
52946,2855,102,10,255,11,2973,237,227,120,2746,Lodgepole_Pine
52950,2805,133,9,323,32,2366,235,236,132,2727,Lodgepole_Pine
52952,2970,143,9,228,33,3717,234,238,135,2190,Lodgepole_Pine
20187,2929,36,8,134,29,1127,220,222,138,2292,Lodgepole_Pine
52961,3161,70,9,342,33,1533,230,223,125,1812,Lodgepole_Pine
85731,3181,86,10,228,29,1168,235,223,119,2227,Spruce_Fir
20200,2860,68,11,330,41,1613,232,218,118,2758,Lodgepole_Pine
20212,3030,93,14,283,42,1124,241,218,104,1822,Spruce_Fir
85753,2858,37,11,270,39,1667,219,215,129,2722,Lodgepole_Pine
53009,2987,139,10,277,42,3996,235,237,132,1861,Lodgepole_Pine
20243,2852,39,10,277,61,2300,221,219,132,2821,Lodgepole_Pine
20247,2956,43,11,234,-9,1507,222,217,128,1250,Lodgepole_Pine
20255,3088,76,9,192,29,1984,231,224,126,3434,Spruce_Fir
53036,2946,101,10,108,18,1884,237,227,120,2680,Lodgepole_Pine
20272,2902,131,14,255,57,2173,242,232,116,779,Lodgepole_Pine
20279,3057,10,11,228,40,1262,209,219,147,2614,Spruce_Fir
20289,2924,13,12,150,29,2089,208,215,142,3000,Spruce_Fir
53073,2725,70,8,210,14,2090,229,225,129,2564,Lodgepole_Pine
85845,3184,63,11,365,50,992,230,218,120,2042,Spruce_Fir
53097,3023,14,11,170,23,1761,210,217,144,1670,Spruce_Fir
85871,2950,87,13,319,16,3568,239,218,108,2219,Lodgepole_Pine
53126,3123,12,9,362,48,2012,211,221,147,2443,Lodgepole_Pine
53128,2831,61,9,446,67,1891,227,222,128,1892,Lodgepole_Pine
85900,3138,18,12,242,21,1911,211,215,139,2828,Spruce_Fir
53141,3215,32,11,212,19,2249,218,217,134,1638,Spruce_Fir
20382,3032,56,11,342,1,907,227,218,123,1756,Lodgepole_Pine
85919,3113,76,9,210,-7,2469,231,224,126,2308,Spruce_Fir
20392,2875,36,13,285,36,1550,219,211,126,2773,Spruce_Fir
53167,2762,12,13,270,35,1958,207,214,143,1339,Lodgepole_Pine
85940,2778,58,14,255,32,3049,229,211,112,2448,Lodgepole_Pine
85969,2821,138,11,150,37,3042,237,236,128,2551,Lodgepole_Pine
53213,2746,51,13,120,16,2329,226,211,116,2322,Ponderosa_Pine
20446,2950,326,14,180,51,3372,184,224,179,2012,Lodgepole_Pine
53214,3100,52,13,124,23,3263,227,212,117,1376,Spruce_Fir
20450,2989,51,10,67,6,2580,225,218,126,2306,Spruce_Fir
53222,2930,312,12,120,31,3342,188,231,183,1987,Lodgepole_Pine
53224,2889,66,8,366,53,2613,228,225,131,2466,Lodgepole_Pine
53225,2913,172,12,170,45,3282,228,246,148,2016,Lodgepole_Pine
53230,2988,105,13,272,50,2070,241,224,110,1855,Lodgepole_Pine
85999,2883,153,11,366,38,2423,233,241,138,2063,Krummholz
20480,2960,310,14,120,31,2190,180,230,189,2262,Aspen
53254,2751,56,11,408,48,1529,227,217,122,2900,Lodgepole_Pine
53259,3062,49,11,134,30,2884,224,217,125,1310,Lodgepole_Pine
86028,3068,337,10,247,49,2770,197,225,167,751,Spruce_Fir
20491,3160,85,11,324,20,953,236,221,114,2081,Spruce_Fir
53267,3002,84,10,150,43,721,234,224,121,2510,Lodgepole_Pine
20509,2947,103,12,60,9,2220,240,224,112,2081,Lodgepole_Pine
53288,2969,35,13,421,80,2412,218,210,125,1559,Spruce_Fir
53295,2891,81,11,350,45,1839,235,219,114,2868,Lodgepole_Pine
86068,2872,137,9,170,16,3180,235,237,133,2093,Lodgepole_Pine
20533,2818,61,13,335,17,1889,230,212,112,2670,Spruce_Fir
53302,2814,130,8,335,23,2460,234,236,134,2647,Lodgepole_Pine
86072,2832,93,16,331,59,1959,243,215,97,2910,Lodgepole_Pine
20538,3129,128,15,210,31,2002,244,229,110,2297,Spruce_Fir
53309,2874,51,9,190,22,3037,225,221,129,2629,Lodgepole_Pine
86082,2885,317,11,212,47,2888,192,231,179,2058,Cottonwood_Willow
53344,2934,124,9,295,71,2803,235,234,130,1839,Lodgepole_Pine
53345,3030,241,12,218,46,1795,197,250,190,1471,Spruce_Fir
20577,2937,125,15,319,71,3565,244,228,110,2642,Lodgepole_Pine
86120,2832,14,9,192,34,1956,212,222,147,1770,Lodgepole_Pine
20591,2816,121,10,218,32,2108,237,232,125,1414,Lodgepole_Pine
53364,2953,326,14,361,62,3156,185,224,178,1677,Spruce_Fir
20597,3133,320,14,120,25,2014,183,226,182,1956,Lodgepole_Pine
86138,3178,99,13,190,37,2490,241,221,108,1542,Spruce_Fir
20606,2927,43,9,430,74,2942,222,220,132,2460,Lodgepole_Pine
86147,2771,31,10,212,25,1550,218,219,136,2818,Lodgepole_Pine
20620,2902,24,12,360,21,1884,213,214,135,2928,Lodgepole_Pine
20628,2964,290,11,212,43,1860,189,239,190,698,Lodgepole_Pine
20633,3147,60,12,240,43,2971,229,215,118,1477,Spruce_Fir
53419,2935,74,10,295,62,2068,233,220,119,2271,Lodgepole_Pine
53441,2861,35,13,390,82,1448,218,211,127,2785,Lodgepole_Pine
53448,2847,73,9,190,39,700,230,223,126,2603,Lodgepole_Pine
86240,3052,90,8,268,39,1203,232,228,129,2809,Lodgepole_Pine
53474,2944,52,13,418,80,3355,226,211,115,2258,Lodgepole_Pine
86242,3104,162,8,234,38,1728,228,242,147,2143,Lodgepole_Pine
86243,2954,77,9,459,55,3404,232,224,125,2202,Lodgepole_Pine
53480,2939,297,14,247,47,2026,180,235,195,1523,Lodgepole_Pine
53494,2925,112,13,190,43,1620,242,225,109,2028,Lodgepole_Pine
86265,2919,83,10,175,25,1131,235,222,119,2307,Lodgepole_Pine
20731,2878,118,4,283,66,2550,226,236,145,2081,Lodgepole_Pine
53504,2859,115,8,175,47,2529,234,233,130,1983,Lodgepole_Pine
53505,3066,35,13,418,14,1784,218,211,126,2603,Spruce_Fir
86281,3020,298,14,218,50,2621,180,234,194,1766,Spruce_Fir
20746,2854,65,17,283,52,2701,233,204,97,1888,Lodgepole_Pine
86290,2948,75,15,277,70,1624,237,210,100,2782,Lodgepole_Pine
53529,2984,90,7,335,35,3708,231,229,130,1950,Lodgepole_Pine
53533,3042,39,13,300,62,1449,220,210,122,2296,Lodgepole_Pine
86312,2815,67,10,67,17,1826,230,221,123,1717,Lodgepole_Pine
86327,3012,32,12,150,35,2389,217,213,129,1966,Aspen
86329,3131,110,13,212,-6,1954,242,226,111,2315,Lodgepole_Pine
20794,3027,26,14,323,53,2522,213,209,130,2557,Lodgepole_Pine
86360,3033,125,11,331,53,1301,239,232,121,2493,Lodgepole_Pine
86371,2985,67,12,201,22,2248,232,215,113,2584,Lodgepole_Pine
53605,3097,43,11,371,-4,1999,222,216,127,2501,Spruce_Fir
53610,2896,61,9,268,45,2592,227,222,128,2640,Lodgepole_Pine
53618,2894,83,16,361,47,3247,241,210,94,2702,Lodgepole_Pine
20858,3025,45,10,108,17,2454,223,219,130,1082,Spruce_Fir
20870,3069,85,13,180,29,1295,238,217,108,2166,Lodgepole_Pine
53639,2945,328,12,201,56,1981,192,226,174,2365,Lodgepole_Pine
86411,3187,51,12,295,24,1981,226,214,120,3055,Lodgepole_Pine
86416,2766,77,12,90,17,1865,235,217,112,2221,Lodgepole_Pine
53666,2845,185,11,300,45,2285,222,248,157,2080,Lodgepole_Pine
53668,3027,170,11,277,47,2343,228,245,148,1188,Lodgepole_Pine
53677,2816,76,14,190,34,2335,237,212,104,3422,Lodgepole_Pine
53689,2834,325,9,162,46,2060,197,230,172,2014,Spruce_Fir
86457,2981,99,8,277,40,1839,233,229,128,993,Lodgepole_Pine
20928,2864,75,7,335,39,2006,228,228,133,2273,Lodgepole_Pine
86468,2957,324,11,182,34,1651,193,229,175,685,Lodgepole_Pine
86482,3054,45,13,120,17,3472,223,211,120,2804,Spruce_Fir
20952,3064,164,18,212,34,1682,233,243,133,2241,Spruce_Fir
20953,3094,49,15,295,-7,2296,225,206,111,1518,Spruce_Fir
53732,2919,73,8,319,51,1841,230,225,128,2565,Lodgepole_Pine
86508,2842,41,9,335,76,2550,221,220,133,866,Spruce_Fir
53748,3143,315,11,300,31,1443,191,231,180,2240,Spruce_Fir
53749,2937,80,8,430,73,3122,231,225,127,2348,Lodgepole_Pine
86520,3069,52,16,242,68,2147,227,205,107,2790,Spruce_Fir
20992,2842,153,11,124,22,2334,233,241,137,2771,Lodgepole_Pine
86535,2990,146,14,192,28,1579,238,237,126,2240,Lodgepole_Pine
53768,2952,65,10,301,70,1470,230,220,123,1954,Lodgepole_Pine
86547,2970,69,10,242,30,1471,231,221,122,660,Lodgepole_Pine
53786,2968,35,11,180,36,2185,219,215,131,631,Lodgepole_Pine
53791,2881,117,14,108,34,3287,244,226,108,2617,Lodgepole_Pine
53795,2993,98,9,153,31,1530,235,228,124,1958,Lodgepole_Pine
53796,2858,43,11,150,28,2769,222,215,126,2624,Lodgepole_Pine
21027,2944,76,16,335,72,3344,238,208,96,2291,Lodgepole_Pine
86566,2787,80,16,216,23,1663,240,210,95,1969,Lodgepole_Pine
86595,2781,93,12,331,38,1693,239,222,111,2630,Lodgepole_Pine
21078,2690,38,10,153,36,2136,220,217,131,1984,Douglas_fir
21084,2884,31,13,192,23,2871,216,212,129,2228,Lodgepole_Pine
53854,3005,85,9,95,18,2165,233,225,124,1500,Lodgepole_Pine
86629,2923,92,13,85,14,1595,240,219,107,1650,Lodgepole_Pine
53864,2821,28,11,382,74,2591,216,216,135,2638,Lodgepole_Pine
86640,2855,55,12,247,26,1426,227,215,119,2039,Lodgepole_Pine
21114,3033,50,12,182,17,3172,225,213,120,1634,Spruce_Fir
53894,3082,105,15,192,46,2201,244,221,103,1299,Spruce_Fir
21130,3016,340,14,270,39,1234,190,219,167,1771,Lodgepole_Pine
21133,2963,32,11,309,89,2458,218,217,134,2120,Spruce_Fir
86671,2834,153,11,309,33,2584,233,241,137,2654,Douglas_fir
21137,3067,89,13,192,32,2126,239,219,108,1366,Spruce_Fir
53917,2897,338,13,350,24,2309,192,222,168,2561,Lodgepole_Pine
21153,3169,82,12,362,65,2905,237,219,111,1631,Spruce_Fir
53925,2875,58,14,134,29,3195,230,209,109,2549,Krummholz
53929,3061,179,13,216,35,2012,225,247,152,1614,Lodgepole_Pine
21163,3013,144,8,210,41,2233,232,239,139,2455,Spruce_Fir
86702,2898,50,12,474,68,1687,225,214,122,2962,Lodgepole_Pine
53940,2842,63,12,228,69,2255,230,216,117,2885,Spruce_Fir
53950,2971,49,10,371,34,3760,224,218,127,2359,Lodgepole_Pine
21186,2905,277,12,255,20,2949,186,242,195,2155,Spruce_Fir
86729,3088,155,13,228,33,1929,235,241,133,1804,Lodgepole_Pine
21193,2930,18,10,400,76,2953,213,220,143,2434,Lodgepole_Pine
53964,2960,36,7,319,52,3584,220,225,141,1593,Lodgepole_Pine
53971,3047,19,9,404,46,2334,214,222,144,2156,Spruce_Fir
21204,2991,99,8,301,56,3617,233,229,128,1983,Lodgepole_Pine
21203,2996,108,10,323,51,3918,238,228,120,1869,Lodgepole_Pine
86743,3124,35,10,313,87,2595,219,218,134,1213,Spruce_Fir
21212,2995,130,14,390,75,2233,243,231,114,2553,Lodgepole_Pine
21215,2953,82,13,85,27,1416,238,216,107,1423,Lodgepole_Pine
53990,2875,15,11,285,33,2492,210,216,142,1084,Spruce_Fir
21228,3219,152,16,300,36,2147,238,238,125,1677,Spruce_Fir
86773,2953,82,13,85,27,1416,238,216,107,1423,Lodgepole_Pine
21253,2850,50,11,270,31,1677,225,217,125,2691,Lodgepole_Pine
54025,3037,55,13,242,4,1749,228,211,114,1237,Spruce_Fir
54026,3062,38,11,390,63,2975,220,216,129,1740,Lodgepole_Pine
21268,2820,18,14,255,70,2483,208,210,136,1828,Spruce_Fir
86806,2935,74,10,295,62,2068,233,220,119,2271,Lodgepole_Pine
21280,2835,117,7,283,25,1911,233,233,132,2391,Spruce_Fir
86822,3163,78,6,313,59,2934,227,230,137,1574,Spruce_Fir
21294,2980,333,14,277,38,3571,187,221,173,1527,Lodgepole_Pine
21307,2993,52,8,384,53,3842,225,222,131,1884,Lodgepole_Pine
54081,2908,144,7,234,48,3247,230,239,142,2789,Lodgepole_Pine
86849,3035,135,11,297,75,2440,238,235,126,722,Lodgepole_Pine
21319,2950,95,10,256,58,1710,237,225,118,1895,Lodgepole_Pine
54088,2806,51,12,376,26,1836,226,214,120,1681,Lodgepole_Pine
86879,2912,171,12,162,23,2457,228,245,147,2598,Lodgepole_Pine
86880,2981,310,11,360,60,1747,190,233,183,618,Lodgepole_Pine
54113,2740,34,12,228,54,1503,218,214,130,3062,Lodgepole_Pine
54119,2747,47,11,85,17,2413,224,217,126,2241,Ponderosa_Pine
86887,2763,53,9,124,6,2938,226,220,128,2289,Spruce_Fir
21353,2786,73,16,365,56,2724,237,209,99,1920,Lodgepole_Pine
54125,3057,51,9,361,17,1289,225,220,128,2896,Ponderosa_Pine
86895,2868,292,9,190,24,2475,196,239,183,2396,Lodgepole_Pine
54130,2991,344,14,256,51,1695,192,218,164,731,Aspen
21369,3045,49,10,376,57,1104,224,218,126,1827,Spruce_Fir
86906,2952,160,11,384,26,1775,231,242,141,1224,Lodgepole_Pine
54139,2868,292,9,190,24,2475,196,239,183,2396,Lodgepole_Pine
21393,3106,35,11,212,33,3591,219,215,131,2753,Spruce_Fir
54163,2789,40,12,421,43,1722,221,213,125,2854,Lodgepole_Pine
86933,3155,87,9,212,39,2252,233,226,125,3042,Spruce_Fir
86951,2970,47,9,342,50,1800,224,220,130,1797,Lodgepole_Pine
54185,2969,96,10,420,70,3505,236,226,121,2116,Lodgepole_Pine
54186,2848,100,11,175,52,1465,238,225,116,1931,Lodgepole_Pine
21423,2993,33,16,180,48,3084,215,205,121,1448,Spruce_Fir
86965,3018,82,8,180,0,1689,232,225,126,1797,Spruce_Fir
21437,2825,66,8,153,34,2106,228,225,131,1836,Lodgepole_Pine
54206,3122,80,13,277,29,2780,237,215,107,2881,Lodgepole_Pine
86973,2868,324,8,258,44,2449,200,231,171,2451,Lodgepole_Pine
86985,3008,76,14,404,39,2731,237,212,104,1505,Lodgepole_Pine
21466,3145,75,12,297,35,2041,234,217,113,3131,Spruce_Fir
21474,2982,103,12,277,71,2407,240,224,112,1834,Lodgepole_Pine
54244,3050,93,13,285,82,3811,240,220,108,2457,Spruce_Fir
54247,2874,59,14,474,63,1731,230,211,111,2942,Lodgepole_Pine
21484,2917,115,14,150,36,1680,243,226,109,2037,Lodgepole_Pine
54264,2793,18,13,306,71,2512,209,211,137,2513,Lodgepole_Pine
54286,2993,15,17,216,36,2236,203,204,134,2103,Spruce_Fir
87057,3038,23,12,228,41,2640,213,215,137,1071,Lodgepole_Pine
54289,3082,69,11,108,22,2277,232,218,116,1260,Spruce_Fir
87061,2983,41,9,323,14,2559,221,221,134,1396,Ponderosa_Pine
54300,3003,59,14,60,15,2046,230,211,111,2872,Spruce_Fir
87070,2852,286,14,272,61,2224,181,239,197,1863,Aspen
54318,3129,165,11,180,31,2068,230,244,143,2324,Spruce_Fir
54325,2726,31,12,324,47,2376,216,213,130,1899,Douglas_fir
21606,2948,108,5,212,9,1978,229,234,138,1959,Lodgepole_Pine
54386,2780,30,11,234,75,1356,216,215,133,2271,Lodgepole_Pine
21629,3160,45,10,212,24,2912,223,219,130,1129,Spruce_Fir
54398,2940,48,6,283,54,3404,223,227,140,2643,Lodgepole_Pine
87172,3215,158,12,361,31,2145,233,242,138,1785,Lodgepole_Pine
87191,2776,106,15,150,41,1566,244,221,102,2512,Lodgepole_Pine
21658,2881,128,15,108,17,2736,244,229,110,1973,Lodgepole_Pine
87197,3135,49,10,190,32,2271,224,218,127,2136,Spruce_Fir
21668,2845,32,10,190,68,1249,218,218,134,1687,Lodgepole_Pine
54446,3024,102,12,418,86,2069,239,225,114,1718,Lodgepole_Pine
87215,2990,87,12,306,70,1819,238,219,109,1350,Spruce_Fir
87220,2781,89,12,390,51,2779,237,221,113,1878,Lodgepole_Pine
54457,2984,87,10,234,62,3700,235,224,119,2751,Lodgepole_Pine
21710,2946,139,9,339,76,2907,235,237,133,1723,Lodgepole_Pine
21713,2867,24,12,300,48,1681,213,214,135,2797,Lodgepole_Pine
87257,3162,15,11,323,37,2037,211,218,143,2713,Spruce_Fir
21724,2997,69,11,228,5,2678,231,219,119,1419,Spruce_Fir
87264,2826,83,14,424,53,2310,239,215,104,2591,Lodgepole_Pine
54498,3008,97,6,270,20,1256,230,231,135,1932,Lodgepole_Pine
54527,2919,113,7,283,51,2946,233,233,132,1994,Lodgepole_Pine
21762,2797,116,14,277,67,3058,244,226,107,2694,Lodgepole_Pine
21783,2721,88,9,309,41,1376,234,226,124,1741,Lodgepole_Pine
21787,2951,309,15,108,35,2100,178,229,191,2258,Lodgepole_Pine
87327,2811,35,9,212,28,1969,219,220,136,1643,Lodgepole_Pine
54573,2853,132,16,295,51,1084,245,229,108,2100,Ponderosa_Pine
54588,2864,7,14,247,54,2669,202,212,145,1747,Cottonwood_Willow
21822,2984,40,11,323,5,914,221,215,127,1679,Spruce_Fir
87359,2842,110,8,192,29,2493,234,231,129,2779,Lodgepole_Pine
21829,3032,113,12,270,7,2460,240,228,116,1727,Spruce_Fir
54601,2818,86,15,404,45,2280,241,213,98,2569,Lodgepole_Pine
21834,2874,142,14,192,41,2839,240,236,121,2207,Lodgepole_Pine
21838,2831,60,14,242,71,1381,230,210,109,2665,Lodgepole_Pine
54607,2995,69,11,376,29,1804,232,218,116,1681,Lodgepole_Pine
54609,2885,26,9,192,38,3271,216,220,140,2643,Lodgepole_Pine
87381,3036,69,8,351,56,1262,229,224,128,2436,Lodgepole_Pine
87386,2834,62,14,201,38,2429,231,211,109,3203,Lodgepole_Pine
21862,2933,72,11,443,69,2999,233,219,117,2430,Lodgepole_Pine
87406,2844,146,9,218,45,2480,233,239,138,3026,Lodgepole_Pine
87408,2768,69,9,182,12,1974,230,222,125,1652,Lodgepole_Pine
21875,2909,111,12,201,38,3399,240,227,116,2914,Lodgepole_Pine
21876,3139,57,13,342,62,3492,228,213,116,3122,Krummholz
21879,3045,4,10,277,56,2468,207,221,151,2006,Lodgepole_Pine
21894,3125,167,13,153,27,2107,230,244,144,2329,Spruce_Fir
54670,2949,323,14,150,44,3564,183,224,181,1501,Lodgepole_Pine
87449,3034,52,14,342,37,2710,226,209,113,890,Spruce_Fir
87453,3051,151,17,212,35,1674,239,238,121,2295,Spruce_Fir
54690,2976,332,14,216,43,1114,187,222,174,2258,Spruce_Fir
54705,3007,64,9,150,35,2160,229,221,125,2591,Spruce_Fir
87474,3052,90,8,268,39,1203,232,228,129,2809,Lodgepole_Pine
21942,3142,65,13,323,13,2187,232,212,110,2438,Spruce_Fir
21946,2830,3,10,150,28,2402,207,221,152,1940,Lodgepole_Pine
54715,2947,336,17,361,59,3144,181,216,172,1762,Spruce_Fir
54716,3152,35,13,218,34,2692,218,210,125,1130,Spruce_Fir
21954,2959,64,6,201,20,2379,226,228,136,2160,Lodgepole_Pine
21979,2895,113,10,234,41,2257,238,229,120,685,Aspen
54748,3165,59,10,283,48,810,228,220,125,2056,Spruce_Fir
54749,2867,325,10,120,26,2783,196,230,173,2055,Spruce_Fir
54754,2973,303,11,400,58,2876,190,235,185,1604,Lodgepole_Pine
21992,3096,73,11,192,13,3187,233,218,115,3133,Spruce_Fir
21999,2763,84,11,283,31,1449,235,222,117,2380,Lodgepole_Pine
22009,3002,92,13,268,-4,2089,240,220,109,1072,Lodgepole_Pine
87548,3044,22,9,170,23,2760,214,220,141,1129,Lodgepole_Pine
22013,3053,19,11,395,8,1902,212,217,141,1329,Aspen
22014,2733,52,10,371,62,2372,226,218,125,2092,Lodgepole_Pine
87550,2979,47,8,175,16,1570,223,223,134,1561,Lodgepole_Pine
22020,2987,79,9,300,39,4158,232,224,124,1969,Lodgepole_Pine
87564,2758,27,14,240,58,2348,213,209,129,2313,Lodgepole_Pine
54803,2773,72,9,306,43,2676,231,223,125,1973,Lodgepole_Pine
87573,2943,121,15,212,45,2270,244,227,107,1994,Lodgepole_Pine
22070,3087,178,11,170,24,1833,225,246,153,2016,Lodgepole_Pine
54840,2732,55,15,323,24,1271,228,207,109,2255,Lodgepole_Pine
54841,3002,113,7,309,38,1360,233,233,132,2040,Lodgepole_Pine
54842,3068,95,16,180,67,1961,244,215,96,2947,Spruce_Fir
87614,2870,144,16,212,64,2156,241,235,118,1138,Aspen
87622,3006,324,14,365,74,3097,184,224,179,1150,Lodgepole_Pine
54864,3116,69,9,277,32,2737,230,222,125,2886,Lodgepole_Pine
22099,3038,324,15,150,31,2700,180,223,182,2308,Spruce_Fir
22102,3037,13,11,270,38,2942,210,218,145,1673,Lodgepole_Pine
22104,3151,42,13,201,33,2656,222,212,123,1165,Krummholz
54889,2841,65,14,67,15,2713,232,211,109,2760,Lodgepole_Pine
87670,2731,68,9,258,15,1624,229,223,126,2367,Lodgepole_Pine
22141,3016,54,13,408,78,1986,227,211,114,1710,Lodgepole_Pine
22144,2904,290,13,295,51,2138,184,238,194,1323,Lodgepole_Pine
54913,2806,61,10,272,22,2856,228,220,124,2407,Lodgepole_Pine
22163,2726,31,12,324,47,2376,216,213,130,1899,Douglas_fir
22174,3012,80,14,268,40,1057,238,215,105,2614,Lodgepole_Pine
22186,3166,95,11,268,62,2874,238,223,114,1539,Cottonwood_Willow
22197,2923,343,13,234,39,3024,193,219,165,1729,Spruce_Fir
54966,2913,91,12,513,36,3092,238,221,111,1991,Lodgepole_Pine
54967,2792,71,15,256,36,1991,236,210,102,1879,Lodgepole_Pine
22235,3038,32,12,402,50,1126,217,214,130,1853,Lodgepole_Pine
22256,3060,336,12,362,70,2510,193,223,170,977,Spruce_Fir
22265,3041,84,14,212,33,4020,239,216,105,2612,Spruce_Fir
55034,3182,42,13,424,54,1445,222,212,123,1834,Lodgepole_Pine
55041,2949,45,7,295,47,3246,222,224,137,1905,Lodgepole_Pine
55042,3038,43,8,182,15,3219,222,222,136,1606,Lodgepole_Pine
22281,3031,4,11,277,45,2358,206,220,151,2059,Lodgepole_Pine
22288,2992,76,8,190,29,1492,230,226,128,1865,Lodgepole_Pine
55056,3079,62,14,134,25,1779,231,211,110,3085,Cottonwood_Willow
87837,2956,133,16,242,26,2486,244,230,109,2681,Lodgepole_Pine
55080,2971,57,13,127,-2,1589,228,212,115,1481,Spruce_Fir
55088,2835,11,10,201,37,2197,209,220,147,2908,Lodgepole_Pine
87866,2925,169,15,218,78,1693,230,245,142,2448,Lodgepole_Pine
22351,2986,96,15,295,78,2032,243,217,99,1092,Lodgepole_Pine
87889,2971,60,10,376,32,2547,228,219,123,2253,Lodgepole_Pine
22357,2892,14,13,228,44,1637,207,213,141,2621,Spruce_Fir
87896,3115,78,12,175,5,2100,236,217,111,3227,Douglas_fir
55135,2798,76,16,324,34,1771,238,208,96,1889,Lodgepole_Pine
55141,2973,20,8,256,19,2469,215,224,145,1385,Spruce_Fir
22383,2871,52,13,458,60,1714,227,212,117,2934,Lodgepole_Pine
87939,2870,60,9,120,5,1722,227,221,127,2372,Lodgepole_Pine
55180,2771,19,11,300,71,2397,212,217,141,2396,Lodgepole_Pine
55183,2946,51,10,339,69,1978,225,219,127,2510,Lodgepole_Pine
55185,2926,104,12,309,77,2656,240,225,114,1989,Spruce_Fir
55189,3019,51,12,201,29,2974,226,214,120,1783,Spruce_Fir
87960,2942,125,12,342,76,3542,240,232,120,2641,Lodgepole_Pine
22425,2780,72,7,258,50,2480,228,227,133,2156,Ponderosa_Pine
55206,2947,108,5,234,8,1973,229,234,138,1930,Ponderosa_Pine
22452,2898,80,14,256,34,3000,238,213,102,2563,Lodgepole_Pine
87991,2780,32,14,247,7,1952,216,210,126,2382,Lodgepole_Pine
88004,3053,12,10,362,31,2785,210,220,146,1337,Spruce_Fir
55248,3132,76,10,212,23,3010,233,220,118,3248,Spruce_Fir
88040,3011,271,10,210,40,2395,195,243,188,1006,Lodgepole_Pine
88041,3117,56,13,60,12,2356,228,213,116,1827,Spruce_Fir
22513,2928,28,11,297,12,2381,216,215,134,2372,Lodgepole_Pine
88054,2992,162,12,404,73,1813,232,243,140,2713,Lodgepole_Pine
88060,3035,34,7,212,26,3273,219,225,142,1714,Spruce_Fir
88063,3117,45,11,379,36,1452,223,217,127,3304,Spruce_Fir
88074,2748,92,7,297,32,1590,232,229,129,2065,Lodgepole_Pine
88078,3039,26,8,361,53,2316,216,222,142,2135,Spruce_Fir
55318,2864,64,9,319,64,2588,229,221,125,3013,Lodgepole_Pine
88086,2832,135,8,283,51,1530,233,237,135,1356,Lodgepole_Pine
55324,2900,120,13,170,11,1121,242,229,114,2313,Lodgepole_Pine
22558,2928,303,11,295,56,1124,189,235,186,1878,Douglas_fir
55332,3046,24,9,182,17,1907,215,220,141,1717,Spruce_Fir
55333,3086,291,11,268,60,1509,188,238,190,1337,Spruce_Fir
55339,3046,130,7,391,74,2409,232,236,136,2282,Douglas_fir
88116,2788,90,9,192,68,1382,235,225,121,2305,Lodgepole_Pine
55353,3153,80,12,90,12,2523,236,219,113,1660,Spruce_Fir
88161,2801,67,14,242,35,2043,233,211,107,780,Lodgepole_Pine
88163,2709,58,11,351,70,2509,228,218,122,2358,Lodgepole_Pine
88174,2913,121,6,433,47,2940,230,235,139,2053,Aspen
22677,2958,146,7,190,32,1518,230,239,142,1332,Lodgepole_Pine
88216,2980,72,7,201,1,2612,228,227,133,1524,Spruce_Fir
22681,3143,111,10,162,27,2340,237,229,122,3078,Spruce_Fir
22683,2942,85,9,182,18,1734,233,225,124,1120,Spruce_Fir
88224,2785,132,7,255,35,1841,231,237,138,2395,Lodgepole_Pine
55457,2812,53,9,150,14,1782,226,221,129,1790,Lodgepole_Pine
22709,2919,65,11,277,47,3225,230,218,120,2079,Lodgepole_Pine
55479,2965,81,9,272,12,1972,233,224,123,1215,Lodgepole_Pine
22733,2824,64,6,180,26,1888,226,228,136,1839,Lodgepole_Pine
88271,2923,94,12,108,14,1597,239,221,110,1624,Lodgepole_Pine
55506,2917,328,12,192,26,2989,190,226,175,1692,Spruce_Fir
88275,2779,148,12,201,37,1728,236,239,132,2285,Lodgepole_Pine
88285,3146,43,10,212,29,2336,222,218,130,2174,Spruce_Fir
55524,2964,1,12,242,71,1440,202,216,151,1802,Lodgepole_Pine
88302,3166,30,13,212,41,2132,216,212,130,2796,Spruce_Fir
22774,2795,48,12,240,44,1248,224,214,121,2330,Lodgepole_Pine
88311,2952,98,7,339,42,3515,232,230,130,2610,Lodgepole_Pine
22795,3020,31,13,313,49,2505,216,212,129,2542,Lodgepole_Pine
55563,2829,135,7,283,28,2589,231,237,138,2630,Lodgepole_Pine
22804,2990,292,12,150,49,2400,186,238,191,2348,Lodgepole_Pine
88349,2866,59,10,247,42,845,228,220,125,2650,Ponderosa_Pine
22820,3116,30,7,234,18,2298,218,226,143,2296,Spruce_Fir
55591,2921,62,8,216,15,1855,227,223,130,2110,Lodgepole_Pine
88363,3163,325,15,210,69,1680,182,223,180,2206,Lodgepole_Pine
55596,2809,52,16,150,21,1973,227,203,105,1983,Aspen
88365,2988,312,13,127,14,2520,185,230,185,2352,Lodgepole_Pine
88377,3140,28,11,201,31,2330,216,215,134,2188,Spruce_Fir
22847,2913,116,12,212,26,3323,241,228,115,2379,Lodgepole_Pine
22854,3044,42,11,210,14,1714,222,215,127,1170,Spruce_Fir
88406,2826,99,14,384,53,2312,242,220,104,2632,Lodgepole_Pine
22890,2948,45,13,85,20,2868,223,212,121,1260,Spruce_Fir
88427,2995,343,11,162,42,2060,197,223,164,1124,Lodgepole_Pine
22897,3129,315,13,361,21,2313,185,229,184,2460,Lodgepole_Pine
55672,3076,328,15,210,59,1006,184,222,177,1440,Lodgepole_Pine
22907,2838,82,7,150,16,2287,230,228,130,2388,Lodgepole_Pine
55699,3094,118,8,424,28,2474,234,233,130,2597,Spruce_Fir
22938,2975,145,6,216,43,1634,228,239,144,2529,Lodgepole_Pine
55708,2822,87,14,180,53,1744,240,216,104,1731,Aspen
55710,2828,22,10,258,38,2012,214,218,140,1738,Lodgepole_Pine
88479,2966,129,16,335,26,2579,245,228,107,2609,Lodgepole_Pine
88488,2956,133,16,242,26,2486,244,230,109,2681,Lodgepole_Pine
88494,2826,155,14,134,20,3017,235,241,132,2072,Lodgepole_Pine
55736,3100,84,11,361,50,3638,235,222,117,3030,Spruce_Fir
55741,3057,160,13,192,27,1663,233,242,138,2268,Spruce_Fir
55758,3028,86,12,297,38,4145,238,219,110,2508,Spruce_Fir
88533,2991,292,11,390,76,2831,188,238,189,1577,Lodgepole_Pine
55768,3157,54,12,270,23,781,227,213,117,2254,Spruce_Fir
55774,3054,92,15,242,43,3099,242,215,98,1965,Lodgepole_Pine
55776,3157,54,12,270,23,781,227,213,117,2254,Spruce_Fir
23010,2963,300,9,212,48,2989,195,237,182,1376,Lodgepole_Pine
55784,3080,78,16,228,32,2546,239,210,97,2979,Lodgepole_Pine
55794,2853,54,16,192,50,2167,228,203,104,1412,Lodgepole_Pine
23065,2835,72,11,258,51,2147,233,218,116,1500,Lodgepole_Pine
23072,2839,26,6,192,37,2362,217,227,146,1991,Lodgepole_Pine
55842,2912,86,12,192,13,1092,238,219,110,2271,Lodgepole_Pine
88613,2691,77,8,170,33,1931,231,225,127,2458,Ponderosa_Pine
88616,2858,22,8,391,60,2151,215,224,145,1866,Lodgepole_Pine
88621,2709,148,9,242,48,2162,232,240,139,1639,Lodgepole_Pine
55854,2871,317,16,283,80,1861,176,224,187,1410,Spruce_Fir
23124,3020,119,13,300,40,1301,242,228,113,2509,Lodgepole_Pine
88660,2739,308,12,190,49,1518,188,232,185,2116,Aspen
88663,2920,95,11,134,30,3229,238,223,114,1873,Spruce_Fir
23136,2969,88,12,371,60,1710,238,220,112,1777,Lodgepole_Pine
88690,3003,53,7,240,40,1566,224,225,135,1819,Lodgepole_Pine
55932,2913,101,9,247,23,2053,235,228,124,918,Lodgepole_Pine
23173,2968,294,13,283,75,2861,183,236,194,2125,Lodgepole_Pine
88710,2852,96,5,323,43,1921,228,233,139,2163,Ponderosa_Pine
55949,2961,341,14,190,40,1902,191,219,167,738,Lodgepole_Pine
23185,3118,127,12,270,19,1308,240,232,121,2183,Spruce_Fir
55956,3106,311,15,240,46,3395,179,228,189,2132,Spruce_Fir
55958,2932,125,13,190,14,3566,241,230,116,2052,Lodgepole_Pine
23210,2864,72,15,331,76,1351,236,209,100,1507,Lodgepole_Pine
23213,2957,88,16,228,37,1890,242,212,94,1908,Lodgepole_Pine
23215,2988,343,15,255,33,3331,188,216,166,2105,Spruce_Fir
55986,2816,95,8,277,28,1130,233,229,128,1323,Spruce_Fir
23230,3067,137,17,212,53,3182,244,231,110,2067,Lodgepole_Pine
56005,3017,90,9,192,19,2936,233,227,125,1848,Lodgepole_Pine
23238,2836,95,9,212,45,2177,234,227,124,1790,Lodgepole_Pine
88777,2867,154,10,255,63,2734,232,241,139,1973,Lodgepole_Pine
23242,2851,135,13,201,12,3435,240,234,121,1678,Lodgepole_Pine
88779,3081,72,6,361,41,2817,227,228,136,1513,Lodgepole_Pine
88804,3257,61,11,153,46,2717,229,218,121,2761,Spruce_Fir
56047,2963,295,8,270,48,2969,198,238,180,1503,Lodgepole_Pine
88830,2879,103,8,295,78,3024,233,230,130,2308,Lodgepole_Pine
88836,2826,103,11,272,42,2966,238,226,118,2586,Lodgepole_Pine
23321,3073,58,9,417,67,1574,227,221,128,2301,Lodgepole_Pine
23323,3140,28,11,201,31,2330,216,215,134,2188,Spruce_Fir
88873,2847,47,12,323,87,1320,224,214,123,2737,Lodgepole_Pine
56111,3086,312,13,170,19,2940,184,230,186,1487,Lodgepole_Pine
88882,2776,51,7,242,13,1608,224,225,137,1851,Lodgepole_Pine
56115,2881,126,11,323,28,2674,238,233,124,2452,Ponderosa_Pine
88887,3020,68,15,283,59,2125,234,209,102,2343,Spruce_Fir
23361,2822,87,14,180,53,1744,240,216,104,1731,Aspen
56131,3131,84,11,295,38,1980,236,221,115,3235,Spruce_Fir
56134,2929,111,13,192,40,1680,242,225,110,1978,Lodgepole_Pine
88902,3072,61,7,324,37,2154,226,225,133,1332,Spruce_Fir
23372,3139,128,13,162,30,2343,241,231,117,2505,Spruce_Fir
88911,3123,107,8,256,33,1099,234,231,129,1794,Spruce_Fir
88916,2974,63,11,350,54,3715,230,218,120,1989,Lodgepole_Pine
88922,2997,327,12,228,68,2310,191,227,175,2391,Lodgepole_Pine
56156,2877,97,8,234,58,2830,233,229,129,2100,Douglas_fir
88931,2819,170,8,268,23,2460,226,244,150,1613,Lodgepole_Pine
23397,2974,63,11,350,54,3715,230,218,120,1989,Lodgepole_Pine
56169,2774,48,15,180,31,1624,224,207,114,1273,Spruce_Fir
23405,2850,70,6,212,45,2190,226,229,137,2448,Lodgepole_Pine
88942,2729,66,13,162,22,2507,232,214,111,2112,Lodgepole_Pine
56187,3051,322,11,150,6,1740,192,229,177,1624,Spruce_Fir
88959,3101,73,5,212,35,1661,226,230,139,2125,Lodgepole_Pine
56194,3074,287,13,268,79,2554,183,239,196,1651,Lodgepole_Pine
88969,3240,149,13,240,30,2160,236,239,130,1772,Spruce_Fir
56202,3016,115,9,218,44,2227,236,232,127,2429,Spruce_Fir
23442,2946,139,9,339,76,2907,235,237,133,1723,Lodgepole_Pine
23466,2983,123,8,162,30,2105,234,234,131,2875,Lodgepole_Pine
56238,2813,157,14,210,29,2072,235,241,133,1328,Lodgepole_Pine
23473,2952,284,11,190,54,3456,190,240,190,1595,Lodgepole_Pine
56244,2806,66,10,150,44,1945,230,220,122,3129,Spruce_Fir
23483,2849,10,7,277,41,2287,213,226,151,2095,Lodgepole_Pine
89020,2916,128,11,216,23,2080,238,233,125,874,Lodgepole_Pine
56279,2955,90,9,362,50,3505,233,227,125,2168,Lodgepole_Pine
56281,2758,80,12,277,5,1026,236,218,111,2435,Lodgepole_Pine
89049,2820,127,11,124,6,2096,239,232,122,2264,Aspen
56295,3054,92,15,242,43,3099,242,215,98,1965,Lodgepole_Pine
56308,2954,47,8,335,73,2029,223,222,133,2497,Lodgepole_Pine
89079,2929,147,11,127,27,3354,235,239,133,1760,Lodgepole_Pine
89081,2800,76,9,342,16,1871,232,223,124,1034,Lodgepole_Pine
56316,2974,319,10,283,72,1806,195,231,176,1015,Lodgepole_Pine
56322,2803,99,7,242,30,2270,233,230,130,2739,Lodgepole_Pine
23558,2766,77,12,90,17,1865,235,217,112,2221,Lodgepole_Pine
23559,3044,149,11,190,29,1678,235,239,134,1054,Spruce_Fir
23561,2784,36,11,350,21,1489,219,216,131,1184,Lodgepole_Pine
56330,2874,95,12,216,48,2689,239,222,112,2934,Lodgepole_Pine
89117,2786,146,10,390,13,2011,234,239,135,2312,Ponderosa_Pine
56356,3201,132,12,170,41,1589,239,234,123,1624,Lodgepole_Pine
56363,2879,127,14,255,17,3130,243,230,112,2187,Lodgepole_Pine
23595,2834,32,11,450,57,1987,218,217,134,2900,Lodgepole_Pine
23597,2990,92,9,300,60,3588,234,227,124,1992,Lodgepole_Pine
23604,2829,113,7,134,28,2818,233,233,132,2414,Lodgepole_Pine
23610,3097,35,10,277,4,2804,219,219,135,2946,Lodgepole_Pine
56379,2861,143,12,285,50,1450,237,237,129,2979,Lodgepole_Pine
23632,2841,122,15,120,45,1524,244,227,107,1899,Lodgepole_Pine
56412,2904,150,8,212,44,3234,231,240,141,2808,Lodgepole_Pine
89180,2944,45,7,323,54,3225,222,225,138,1932,Lodgepole_Pine
56428,3019,31,16,297,89,2184,214,203,120,2230,Spruce_Fir
56451,3068,68,13,210,67,2084,233,213,109,2850,Spruce_Fir
89224,2913,84,12,228,58,1616,237,219,111,1406,Lodgepole_Pine
23693,2942,42,7,350,44,3434,221,225,138,1710,Krummholz
23715,2982,128,6,247,9,2639,230,236,140,1998,Lodgepole_Pine
23720,2867,50,12,212,21,1986,225,213,120,2737,Lodgepole_Pine
23723,2982,49,10,240,42,1395,224,218,126,636,Lodgepole_Pine
56495,2826,143,10,339,25,2501,235,238,133,2682,Lodgepole_Pine
56499,2806,36,11,150,7,1448,219,216,131,2524,Spruce_Fir
89273,3099,106,9,335,24,1790,235,229,125,2928,Spruce_Fir
56516,2862,134,13,268,51,1410,241,233,119,3004,Lodgepole_Pine
23753,3066,34,12,201,49,1348,218,214,130,2949,Spruce_Fir
89322,2798,30,8,256,26,2162,218,223,141,1326,Lodgepole_Pine
56555,2773,27,13,170,35,1591,214,211,130,2894,Lodgepole_Pine
89327,3033,45,7,175,25,2519,222,225,138,1057,Spruce_Fir
23794,2735,75,7,272,24,2100,228,228,133,2542,Lodgepole_Pine
56567,3006,74,14,228,45,2068,236,212,104,2400,Spruce_Fir
89345,2918,11,11,216,52,3038,208,217,145,2059,Lodgepole_Pine
56587,3097,181,10,295,42,1994,224,247,155,1782,Lodgepole_Pine
89366,2866,79,7,366,58,2207,230,227,130,2691,Lodgepole_Pine
89372,3032,27,12,218,33,2984,215,215,135,1590,Lodgepole_Pine
56605,3084,51,6,342,73,1652,223,227,139,2213,Lodgepole_Pine
23845,3136,30,11,300,16,2979,216,215,133,3030,Lodgepole_Pine
56614,2979,95,13,127,26,805,240,221,110,2016,Lodgepole_Pine
89396,2936,298,11,190,26,2014,188,236,188,1622,Lodgepole_Pine
56631,3005,97,13,283,39,1006,241,220,106,2522,Lodgepole_Pine
56652,2877,106,14,108,33,3245,243,222,104,2577,Lodgepole_Pine
56655,2762,143,10,295,16,2550,234,238,134,1749,Lodgepole_Pine
56674,3007,98,13,255,6,2711,241,221,107,1559,Lodgepole_Pine
89443,3028,333,12,300,51,1167,192,225,171,1806,Lodgepole_Pine
56680,2894,147,13,240,56,902,237,238,130,2162,Lodgepole_Pine
23927,2734,84,9,256,18,1642,233,225,125,2331,Aspen
89464,3223,40,12,255,23,2291,221,214,126,1610,Spruce_Fir
56707,2913,91,12,513,36,3092,238,221,111,1991,Lodgepole_Pine
56716,3051,322,11,150,6,1740,192,229,177,1624,Spruce_Fir
23953,3168,66,8,300,52,2287,229,224,128,2947,Spruce_Fir
56722,2893,47,11,175,20,1774,224,215,124,2259,Lodgepole_Pine
23955,2986,53,9,190,-3,3578,226,220,128,2205,Spruce_Fir
89535,2771,125,13,175,36,1661,242,230,114,2242,Lodgepole_Pine
24013,3067,57,13,234,23,2503,228,211,114,2987,Lodgepole_Pine
24015,2971,38,8,295,69,1966,220,223,138,1142,Lodgepole_Pine
56792,2919,14,10,162,34,1745,211,220,145,1380,Spruce_Fir
89579,2835,11,12,255,48,2185,207,215,144,2428,Lodgepole_Pine
24047,3109,109,10,234,65,3290,238,229,121,2971,Spruce_Fir
24059,2920,90,9,285,36,3482,235,225,121,2991,Lodgepole_Pine
56834,3035,63,8,192,22,1806,227,224,131,1671,Spruce_Fir
89603,2923,71,16,309,51,3266,236,208,99,2186,Lodgepole_Pine
24082,2862,131,9,324,74,1505,235,235,131,1489,Lodgepole_Pine
89620,2970,65,7,324,50,3692,227,226,134,2018,Lodgepole_Pine
89625,2915,69,16,323,43,3236,235,207,99,2165,Lodgepole_Pine
89626,2765,84,11,150,21,1617,235,222,117,2569,Lodgepole_Pine
89629,2842,90,8,201,70,1398,233,227,127,2402,Ponderosa_Pine
56864,2758,34,14,309,19,1443,217,210,125,2402,Lodgepole_Pine
89633,3128,308,8,242,52,2962,198,235,177,1307,Spruce_Fir
24099,2848,173,13,247,47,2796,228,246,148,2516,Lodgepole_Pine
56869,2957,98,15,300,75,2239,243,218,100,1761,Lodgepole_Pine
24104,2968,315,11,216,40,3004,190,231,181,1319,Lodgepole_Pine
56873,2870,145,11,339,28,2368,236,238,132,2090,Lodgepole_Pine
24152,2899,126,6,376,49,3095,231,236,138,2362,Lodgepole_Pine
24160,2863,120,13,182,27,2501,242,229,114,2631,Spruce_Fir
56928,2968,312,11,242,56,1561,189,232,183,832,Lodgepole_Pine
56932,2975,129,13,228,57,2460,241,232,117,1770,Lodgepole_Pine
89701,3006,57,13,350,51,2438,228,212,115,2579,Lodgepole_Pine
89726,2840,52,15,150,14,2732,227,206,108,2821,Lodgepole_Pine
89732,2796,86,10,297,70,1159,234,224,120,2610,Lodgepole_Pine
56982,3018,91,13,175,38,1114,240,219,108,2317,Spruce_Fir
56984,2803,149,13,240,19,2012,236,239,130,1233,Lodgepole_Pine
89776,3006,170,20,201,46,1677,230,244,135,2329,Lodgepole_Pine
57010,2730,92,9,242,14,1618,234,227,124,2341,Lodgepole_Pine
57028,2901,331,10,228,47,2958,197,228,170,1944,Spruce_Fir
57038,2897,77,16,162,28,1945,238,210,98,2116,Lodgepole_Pine
57059,2817,85,12,85,0,2376,237,220,112,2371,Lodgepole_Pine
89837,2807,302,12,182,20,2341,187,235,187,2508,Lodgepole_Pine
24306,3045,321,16,124,34,1860,179,223,184,1504,Spruce_Fir
57101,2943,319,16,228,62,1771,177,224,186,1206,Lodgepole_Pine
89869,2859,122,7,258,15,3015,233,234,134,2773,Lodgepole_Pine
89873,3074,61,7,212,23,1318,226,225,133,2207,Lodgepole_Pine
24338,2987,52,13,458,22,1020,226,211,115,2163,Lodgepole_Pine
89882,3022,173,14,330,55,2456,228,246,147,2845,Lodgepole_Pine
89885,2874,25,11,376,43,2363,215,217,138,2553,Lodgepole_Pine
57118,2844,16,14,283,49,3313,208,211,138,1116,Lodgepole_Pine
57120,3058,152,9,242,43,2096,232,240,139,1528,Lodgepole_Pine
89902,3018,52,11,108,14,2118,226,217,124,1572,Lodgepole_Pine
24366,3112,20,14,216,29,1611,209,210,135,2010,Spruce_Fir
89925,3086,100,12,192,22,3297,239,224,113,3010,Spruce_Fir
57160,3115,80,13,256,33,1980,237,215,107,3320,Spruce_Fir
57161,2926,80,16,228,39,2064,239,210,97,2958,Lodgepole_Pine
57167,3059,298,16,268,57,2497,175,233,198,1770,Lodgepole_Pine
24409,2935,90,14,255,2,1919,241,216,101,1972,Lodgepole_Pine
89949,2895,79,11,240,6,2295,235,220,115,1489,Lodgepole_Pine
89955,2749,68,11,218,1,1600,232,218,118,1812,Spruce_Fir
57206,2858,56,11,300,39,1642,227,218,123,2732,Lodgepole_Pine
89986,2889,67,8,175,21,1277,228,224,129,2478,Lodgepole_Pine
89991,2963,14,10,127,3,2407,210,218,144,2014,Spruce_Fir
24464,2950,47,8,443,81,2223,223,223,135,2200,Lodgepole_Pine
24471,2853,104,14,240,52,3020,242,222,107,2218,Lodgepole_Pine
90014,2928,338,10,242,67,3077,198,226,167,2248,Lodgepole_Pine
57248,2908,73,15,127,19,2024,237,209,100,2226,Spruce_Fir
57263,2800,46,13,240,33,2322,224,211,119,1316,Lodgepole_Pine
57267,2921,17,11,258,62,872,211,216,141,2070,Lodgepole_Pine
57268,2934,72,8,342,52,3156,229,226,130,1854,Lodgepole_Pine
90038,2832,65,13,228,41,2155,232,214,112,1907,Lodgepole_Pine
24503,2968,89,10,384,54,3594,235,224,120,2074,Lodgepole_Pine
90040,2994,24,11,297,18,1710,214,216,137,1323,Lodgepole_Pine
57276,2979,328,9,255,48,1654,199,230,171,1648,Lodgepole_Pine
90048,2844,134,14,95,25,2687,241,233,118,2044,Lodgepole_Pine
24516,2937,311,11,90,22,2948,191,232,181,1315,Lodgepole_Pine
57288,2878,118,4,283,66,2550,226,236,145,2081,Lodgepole_Pine
57294,3132,38,8,153,13,2259,220,222,137,2230,Lodgepole_Pine
57300,3103,117,11,391,37,2496,238,230,121,2571,Spruce_Fir
90071,3040,108,8,306,68,2273,235,231,128,2324,Spruce_Fir
57309,2963,42,11,323,8,2227,222,216,128,2424,Lodgepole_Pine
57311,2980,249,12,234,52,2581,193,249,193,1939,Lodgepole_Pine
90087,2919,174,17,272,73,2197,228,246,144,1343,Lodgepole_Pine
24562,2977,308,11,190,61,2160,190,233,183,2335,Lodgepole_Pine
24568,2923,333,12,210,49,969,193,225,171,1973,Lodgepole_Pine
24574,3013,72,12,124,33,1158,234,216,112,2099,Spruce_Fir
24585,2785,162,10,175,35,2524,230,243,144,2464,Lodgepole_Pine
90130,2922,112,13,170,33,1680,242,226,111,2007,Lodgepole_Pine
24603,2926,124,15,277,60,3571,244,228,108,2673,Lodgepole_Pine
57382,3042,56,9,371,73,2258,226,222,130,2251,Spruce_Fir
90165,3140,28,11,201,31,2330,216,215,134,2188,Spruce_Fir
57397,2726,19,11,323,55,2364,212,216,140,1961,Douglas_fir
90168,2987,135,6,390,14,2607,229,237,142,2140,Lodgepole_Pine
57406,2963,53,9,430,1,2148,226,220,128,2938,Spruce_Fir
57416,2835,79,17,256,61,1846,240,207,92,1905,Krummholz
57420,2852,115,13,150,23,1500,242,227,113,1940,Cottonwood_Willow
24654,2893,62,8,175,35,3127,227,223,130,2576,Spruce_Fir
24656,2882,15,13,216,46,2719,208,212,139,2588,Lodgepole_Pine
24657,2886,344,10,228,47,2571,199,224,163,2527,Lodgepole_Pine
57426,2956,292,9,150,29,1691,196,239,183,1371,Lodgepole_Pine
57439,3048,90,9,182,20,2032,235,225,121,1460,Spruce_Fir
90209,2828,83,11,268,45,1718,236,220,114,2053,Lodgepole_Pine
57452,2825,80,13,85,25,2326,237,215,107,2992,Lodgepole_Pine
24690,2984,345,12,256,69,2476,196,221,163,1919,Spruce_Fir
57461,2901,92,15,391,88,2820,242,215,98,1860,Lodgepole_Pine
57462,3135,58,9,210,35,2429,227,222,129,1638,Spruce_Fir
24693,3219,110,11,212,38,1813,239,228,118,1448,Spruce_Fir
90233,2805,82,15,234,41,1679,240,212,98,2007,Lodgepole_Pine
24701,2922,45,7,210,-6,1820,222,225,138,1937,Lodgepole_Pine
90243,2781,107,13,153,64,1276,241,224,110,1549,Lodgepole_Pine
24708,2851,116,13,212,30,1233,242,227,112,1866,Spruce_Fir
90247,2774,52,11,270,44,2616,226,217,124,2028,Lodgepole_Pine
57480,2871,81,9,335,56,808,233,224,123,2728,Lodgepole_Pine
90250,2779,148,12,201,37,1728,236,239,132,2285,Lodgepole_Pine
90258,2734,58,13,150,23,2240,229,212,114,2416,Lodgepole_Pine
57497,3023,61,8,216,43,1127,227,223,129,2320,Lodgepole_Pine
24732,3030,301,15,182,35,2452,176,232,196,1410,Lodgepole_Pine
57503,2800,40,13,182,39,2254,221,212,124,3453,Lodgepole_Pine
57521,2815,169,11,150,15,2136,228,245,147,2192,Lodgepole_Pine
57527,2770,58,9,212,40,2550,227,221,128,2095,Ponderosa_Pine
90297,3153,63,9,297,33,2929,228,222,127,2848,Lodgepole_Pine
24773,3101,75,5,247,28,1928,226,231,140,2107,Lodgepole_Pine
57546,2927,133,11,150,59,2161,238,235,125,1676,Krummholz
90315,2857,68,8,270,50,1282,228,225,130,3078,Lodgepole_Pine
90321,2851,108,9,371,49,2641,237,229,123,1682,Lodgepole_Pine
57589,2835,26,13,285,37,1905,213,211,132,1533,Lodgepole_Pine
57593,2895,102,13,216,-9,1293,241,223,110,1981,Lodgepole_Pine
57600,2852,95,14,216,51,2936,242,218,102,2352,Lodgepole_Pine
24845,2986,72,7,255,12,1695,228,227,133,1383,Lodgepole_Pine
90387,2999,45,14,342,67,3128,223,210,118,902,Lodgepole_Pine
57625,3085,144,14,201,30,1900,239,237,124,1826,Lodgepole_Pine
90397,3162,15,11,323,37,2037,211,218,143,2713,Spruce_Fir
24861,2751,122,9,190,16,1572,235,233,129,2490,Lodgepole_Pine
57639,2851,68,7,228,54,2475,227,226,133,3074,Lodgepole_Pine
90408,3108,43,10,339,32,2676,222,218,130,2832,Lodgepole_Pine
57644,2838,89,10,85,15,2591,235,224,120,2744,Lodgepole_Pine
24878,3013,38,8,390,28,1836,220,222,137,1369,Lodgepole_Pine
90427,3243,76,14,350,28,1838,236,214,106,2480,Spruce_Fir
57670,2809,160,14,120,25,3013,233,242,136,2460,Lodgepole_Pine
90440,2911,341,10,150,39,3054,199,225,165,1822,Lodgepole_Pine
57686,2902,103,11,446,56,2574,238,226,118,2394,Lodgepole_Pine
24922,3015,25,13,212,43,2200,213,210,132,2594,Spruce_Fir
90461,2806,24,10,190,30,2103,215,218,139,2506,Lodgepole_Pine
57696,2809,159,11,270,25,1984,231,242,141,1224,Lodgepole_Pine
57712,2758,125,6,210,28,2546,230,236,139,2184,Ponderosa_Pine
57728,3034,97,15,228,27,3015,243,218,101,1919,Lodgepole_Pine
90496,3006,66,16,162,24,2400,234,206,100,2032,Lodgepole_Pine
24972,2973,301,12,180,42,1597,185,234,189,1455,Lodgepole_Pine
90509,3166,53,11,268,31,1952,227,215,121,3031,Lodgepole_Pine
24974,2916,90,10,277,7,1624,236,224,118,1466,Lodgepole_Pine
24976,3003,101,14,240,23,899,243,220,104,2298,Lodgepole_Pine
90531,3099,74,7,277,28,1717,229,227,132,1584,Spruce_Fir
57780,3038,43,12,297,-5,2563,222,213,123,2750,Lodgepole_Pine
57787,3064,58,12,212,30,3847,228,214,117,2760,Spruce_Fir
57808,2940,288,14,190,56,2925,180,238,198,2307,Lodgepole_Pine
25048,2888,48,7,150,20,3046,223,225,138,2629,Lodgepole_Pine
90586,2964,313,10,218,43,1884,192,232,180,725,Lodgepole_Pine
57822,3022,16,7,350,50,2353,214,226,148,2480,Spruce_Fir
25060,2998,60,10,350,66,3168,228,218,122,924,Lodgepole_Pine
90608,2924,78,12,255,52,3254,235,219,114,2100,Lodgepole_Pine
90609,2938,135,11,323,73,2781,237,235,127,1856,Krummholz
25073,2866,91,12,376,12,1071,238,222,113,2215,Lodgepole_Pine
90612,2817,130,7,365,44,2385,233,236,136,2800,Lodgepole_Pine
90616,2731,42,13,384,46,1415,222,210,121,2890,Lodgepole_Pine
57858,2893,68,11,153,29,3021,232,218,117,2568,Lodgepole_Pine
57868,2832,45,9,212,34,1976,223,221,133,1800,Lodgepole_Pine
25149,2997,320,13,268,30,1831,187,228,181,755,Lodgepole_Pine
90688,2829,81,14,134,10,2053,238,214,103,1266,Lodgepole_Pine
90689,3096,315,9,324,30,2230,197,233,176,2496,Lodgepole_Pine
25152,2957,64,10,408,81,3782,230,219,122,2505,Lodgepole_Pine
90707,3087,343,16,212,48,2880,187,215,166,2362,Spruce_Fir
25172,3119,70,12,175,16,840,233,217,114,1837,Spruce_Fir
25175,2779,47,15,153,45,1302,224,206,112,2651,Lodgepole_Pine
57948,3106,327,13,190,31,2081,187,225,177,2372,Lodgepole_Pine
90719,2669,47,15,234,60,2312,224,206,112,2250,Douglas_fir
25185,3017,292,11,295,57,2313,189,238,189,510,Lodgepole_Pine
57954,2772,27,10,240,23,1999,216,219,139,2365,Lodgepole_Pine
25192,2873,303,10,153,60,2684,193,236,182,1868,Lodgepole_Pine
57962,2916,76,13,162,29,2131,236,216,109,2896,Lodgepole_Pine
90741,3065,75,12,216,30,2118,234,217,113,1371,Spruce_Fir
57985,2835,83,16,150,44,2701,241,210,94,2824,Lodgepole_Pine
90762,2829,20,13,212,73,2161,210,211,135,1173,Lodgepole_Pine
57995,3050,93,13,285,82,3811,240,220,108,2457,Spruce_Fir
57997,2902,126,17,162,37,2793,246,226,102,1894,Lodgepole_Pine
58002,2964,309,10,201,41,3009,193,234,181,1328,Lodgepole_Pine
25244,2998,92,12,247,40,3840,239,221,110,1376,Lodgepole_Pine
25247,3058,338,8,268,36,2121,204,229,165,1387,Spruce_Fir
58016,2905,16,10,212,34,3173,211,219,143,2518,Lodgepole_Pine
58018,2877,106,14,108,33,3245,243,222,104,2577,Lodgepole_Pine
90787,2927,309,14,162,26,2067,182,230,188,1573,Douglas_fir
25284,3021,68,7,361,41,1154,227,226,133,2316,Lodgepole_Pine
58058,2769,159,18,319,39,2430,236,240,127,2205,Ponderosa_Pine
25291,2970,91,15,201,41,2010,242,215,99,1917,Lodgepole_Pine
90837,2831,100,7,331,47,1986,232,231,131,1354,Lodgepole_Pine
58072,3093,74,9,108,16,2120,231,223,125,1727,Spruce_Fir
90842,3010,338,11,134,16,2721,195,224,168,1745,Lodgepole_Pine
90850,2791,62,12,361,50,1633,230,215,115,2542,Lodgepole_Pine
25330,2828,28,10,366,52,3267,216,218,137,1224,Lodgepole_Pine
58099,2967,106,14,277,78,3837,243,223,107,2445,Lodgepole_Pine
90871,3099,118,11,421,33,2497,240,230,118,2591,Spruce_Fir
58103,2807,10,11,330,10,1556,209,219,147,2248,Lodgepole_Pine
58110,2933,55,11,175,21,3416,227,215,120,1224,Lodgepole_Pine
90880,2884,18,12,270,15,2008,210,214,139,1908,Lodgepole_Pine
25346,2757,82,12,390,7,1632,237,219,111,1753,Lodgepole_Pine
58120,2851,25,13,170,-2,2676,213,212,133,2212,Lodgepole_Pine
90920,2853,114,10,306,59,2233,238,230,121,1674,Lodgepole_Pine
25388,2970,91,15,201,41,2010,242,215,99,1917,Lodgepole_Pine
58160,2752,103,8,319,36,1620,233,230,130,2082,Lodgepole_Pine
25397,2950,316,13,256,67,1758,185,228,183,1203,Lodgepole_Pine
25398,3030,34,9,335,61,2182,219,221,137,2287,Spruce_Fir
58177,2936,77,8,351,56,3174,230,226,129,1850,Lodgepole_Pine
25419,2982,294,11,331,67,2871,189,237,189,1489,Lodgepole_Pine
25430,2908,148,12,216,42,3558,236,239,132,2734,Lodgepole_Pine
90977,3106,59,12,295,39,3043,229,215,117,1614,Lodgepole_Pine
58216,3054,91,10,218,26,2052,235,225,120,1436,Spruce_Fir
25453,2935,159,17,190,72,1660,236,241,129,2607,Lodgepole_Pine
91005,3122,124,9,212,3,2148,235,234,129,2034,Douglas_fir
25486,2664,78,9,228,17,1788,232,223,123,1786,Ponderosa_Pine
58255,2998,182,14,242,17,1770,224,248,155,1434,Spruce_Fir
58274,2980,7,8,295,50,1773,211,225,151,2505,Lodgepole_Pine
58276,3005,49,13,390,67,1954,225,211,117,1728,Lodgepole_Pine
25512,3037,77,9,277,35,1159,232,223,122,2881,Lodgepole_Pine
25518,2976,60,8,242,31,3849,227,223,131,1958,Lodgepole_Pine
25532,3065,9,12,242,48,1310,206,215,146,2669,Spruce_Fir
91079,2961,108,13,335,80,1530,241,225,111,1899,Lodgepole_Pine
91087,2851,134,14,127,32,2736,242,232,117,2083,Lodgepole_Pine
25575,2775,79,8,212,19,1999,231,225,126,1776,Lodgepole_Pine
25577,3051,43,11,424,62,1451,222,217,128,2372,Lodgepole_Pine
91113,3145,153,17,212,39,2389,239,238,123,1679,Lodgepole_Pine
25579,2886,153,14,201,55,2863,236,240,131,3056,Lodgepole_Pine
25594,2820,64,12,134,28,2364,231,215,115,3211,Lodgepole_Pine
25598,2834,32,11,450,57,1987,218,217,134,2900,Ponderosa_Pine
58376,2846,39,9,268,45,2233,221,220,134,2885,Lodgepole_Pine
25610,2993,58,6,170,16,2591,224,228,138,1677,Spruce_Fir
25611,2834,21,12,277,24,1913,212,214,138,2431,Spruce_Fir
58384,2689,86,12,242,76,2407,238,219,110,2430,Lodgepole_Pine
91156,2944,99,9,295,48,3421,235,228,123,1681,Lodgepole_Pine
58393,2881,128,15,108,17,2736,244,229,110,1973,Lodgepole_Pine
58398,3041,318,15,309,54,1120,181,226,185,2395,Spruce_Fir
91166,2964,290,11,212,43,1860,189,239,190,698,Lodgepole_Pine
25633,2842,94,14,108,37,2966,241,218,103,2180,Lodgepole_Pine
58402,3013,56,14,457,24,1926,228,210,112,1661,Lodgepole_Pine
25642,2881,185,15,182,33,2312,222,249,156,2291,Lodgepole_Pine
91190,2999,177,16,240,32,2336,226,247,148,2967,Lodgepole_Pine
91202,2885,15,14,201,43,1608,207,210,138,2618,Spruce_Fir
91213,2882,105,11,175,36,1213,239,226,116,2415,Lodgepole_Pine
25683,3057,18,12,384,21,1250,211,215,140,1884,Spruce_Fir
91226,2998,170,13,270,19,1745,229,245,145,1271,Lodgepole_Pine
58470,3114,13,13,170,24,1653,207,213,142,1973,Spruce_Fir
58499,2977,72,12,424,48,2271,234,216,112,2630,Cottonwood_Willow
91267,3121,283,12,268,35,1369,187,241,193,1940,Lodgepole_Pine
58501,3109,45,12,162,32,3254,223,214,123,1414,Spruce_Fir
25732,3042,24,11,297,11,1234,214,215,136,1790,Spruce_Fir
58521,3005,60,8,240,42,1574,226,224,132,1826,Lodgepole_Pine
91290,3103,160,7,212,37,1699,228,242,147,2123,Aspen
91291,2879,39,9,277,26,2694,221,219,133,2434,Lodgepole_Pine
25770,2775,62,14,450,36,1661,231,211,110,2881,Lodgepole_Pine
91327,2822,99,9,210,9,3302,235,228,123,2631,Lodgepole_Pine
58571,2864,14,10,256,58,2658,210,218,144,1723,Lodgepole_Pine
25814,3115,62,13,170,8,2806,230,214,114,1982,Spruce_Fir
91353,3035,32,9,201,48,900,218,221,139,1865,Lodgepole_Pine
91357,2963,300,9,212,48,2989,195,237,182,1376,Lodgepole_Pine
91376,2968,120,8,153,14,1716,234,234,132,2359,Lodgepole_Pine
91386,3126,306,11,319,57,1328,189,234,184,1084,Spruce_Fir
58619,2751,23,15,210,51,2353,210,206,129,2297,Lodgepole_Pine
91391,2900,12,10,127,15,1860,210,219,146,2234,Lodgepole_Pine
25861,2870,80,12,228,22,2860,236,218,111,2697,Lodgepole_Pine
91397,2929,118,16,192,59,2893,246,224,103,1775,Ponderosa_Pine
25873,2736,64,14,390,6,2603,232,211,108,2213,Lodgepole_Pine
25881,2949,112,8,366,38,3580,234,232,130,2581,Lodgepole_Pine
25882,2911,79,15,309,47,3017,239,211,98,2509,Lodgepole_Pine
91421,2942,337,13,285,68,882,190,221,170,1902,Lodgepole_Pine
25888,3034,60,8,190,12,2056,227,223,131,1282,Lodgepole_Pine
25898,2883,41,10,297,59,2313,221,219,132,2259,Lodgepole_Pine
58669,2826,122,12,242,24,992,240,230,118,2132,Lodgepole_Pine
25909,2967,116,15,283,79,2318,245,224,105,1983,Ponderosa_Pine
91447,2955,309,15,108,30,2160,178,229,191,2251,Lodgepole_Pine
25916,2817,45,10,240,33,2442,223,217,128,1406,Lodgepole_Pine
25919,2818,79,13,228,30,1243,237,216,107,1366,Lodgepole_Pine
25929,3175,83,6,313,64,2697,229,230,135,1806,Spruce_Fir
58707,2832,330,10,182,47,2018,195,228,172,1986,Lodgepole_Pine
25945,3085,320,13,330,44,882,187,228,181,1666,Lodgepole_Pine
91487,2815,132,6,228,41,2547,230,237,140,2516,Lodgepole_Pine
91492,3160,85,11,324,20,953,236,221,114,2081,Spruce_Fir
25960,2945,128,9,150,4,1988,235,235,131,1806,Lodgepole_Pine
58734,3080,78,16,228,32,2546,239,210,97,2979,Lodgepole_Pine
91517,2839,94,11,180,38,2962,238,223,115,2248,Lodgepole_Pine
91519,2972,157,19,180,29,2361,237,239,124,2840,Lodgepole_Pine
91520,3165,75,12,228,32,3012,234,217,113,2929,Lodgepole_Pine
91522,2968,89,10,384,54,3594,235,224,120,2074,Lodgepole_Pine
91530,3132,80,16,297,32,2801,240,210,95,2858,Lodgepole_Pine
91536,2810,111,17,295,55,1776,247,219,95,2724,Lodgepole_Pine
26010,2990,50,11,335,41,2055,225,216,124,780,Spruce_Fir
58779,3057,328,10,408,35,2254,195,228,172,1243,Spruce_Fir
91546,2859,98,11,395,57,1041,238,224,115,2232,Lodgepole_Pine
91549,3072,59,13,420,31,1025,229,213,115,1798,Spruce_Fir
58787,2859,47,17,175,46,3036,224,201,106,2005,Lodgepole_Pine
91556,2783,152,18,384,53,2506,239,237,120,2131,Ponderosa_Pine
91576,3008,45,7,277,5,2720,222,225,138,1310,Lodgepole_Pine
91579,3124,70,11,85,6,2929,232,218,117,2094,Spruce_Fir
91585,2985,79,12,376,56,1861,236,218,112,1756,Spruce_Fir
26063,2916,178,15,277,30,1742,225,248,150,1664,Lodgepole_Pine
91605,2759,159,8,210,35,2751,229,242,145,2374,Lodgepole_Pine
91610,2778,20,12,216,37,1517,211,213,137,2522,Lodgepole_Pine
26084,2948,19,14,210,67,1380,208,209,135,1890,Lodgepole_Pine
26089,3022,115,15,212,53,2192,245,224,104,2419,Spruce_Fir
58877,2787,79,10,124,19,2132,233,223,121,2784,Lodgepole_Pine
26117,2970,108,9,170,26,1884,236,230,125,977,Lodgepole_Pine
58896,2880,140,11,319,32,3586,237,237,129,1584,Lodgepole_Pine
26138,3028,141,13,95,17,3002,239,236,124,2096,Lodgepole_Pine
58934,2783,90,6,190,27,1935,229,231,136,1831,Lodgepole_Pine
58952,2957,82,13,120,3,1884,237,218,109,1376,Lodgepole_Pine
91728,2882,68,13,283,29,2876,233,214,111,2644,Lodgepole_Pine
26193,2838,55,8,162,22,3192,225,224,133,2791,Lodgepole_Pine
91736,2875,73,13,212,46,1500,235,214,108,2058,Lodgepole_Pine
91740,2823,37,7,240,68,2183,220,224,139,1132,Lodgepole_Pine
91744,2720,86,12,361,69,2378,238,219,110,2190,Lodgepole_Pine
91747,2874,331,11,300,50,2439,194,226,172,2468,Lodgepole_Pine
91756,2844,323,9,216,41,2185,196,230,174,2040,Lodgepole_Pine
91784,3132,165,11,192,13,2173,230,244,143,2082,Cottonwood_Willow
91804,2810,89,12,162,27,1889,239,220,109,1889,Aspen
26270,3000,70,11,192,18,2340,232,218,117,2002,Lodgepole_Pine
59039,3007,322,14,120,31,2565,183,225,181,984,Lodgepole_Pine
59048,3045,144,17,212,38,1689,242,234,115,2297,Spruce_Fir
26287,2971,297,10,300,75,2856,192,237,184,2096,Lodgepole_Pine
59063,2942,337,13,285,68,882,190,221,170,1902,Lodgepole_Pine
26301,2948,65,5,256,46,3246,225,230,140,1892,Lodgepole_Pine
59076,2898,135,9,201,19,3242,235,236,133,2163,Lodgepole_Pine
59086,2916,83,11,424,49,1816,235,221,116,2642,Lodgepole_Pine
26328,2862,87,12,240,29,2765,238,220,111,2765,Lodgepole_Pine
26333,2994,345,15,170,17,2475,190,216,164,2108,Spruce_Fir
59127,2971,57,13,127,-2,1589,228,212,115,1481,Spruce_Fir
26366,3028,294,10,301,58,2402,191,238,187,1148,Lodgepole_Pine
91908,3158,340,14,212,50,2037,190,219,167,2072,Lodgepole_Pine
91928,2842,106,11,330,-1,2977,239,227,117,2681,Lodgepole_Pine
91931,2943,315,10,210,44,3305,193,232,178,2067,Lodgepole_Pine
26397,2875,158,10,300,30,2359,231,242,141,2128,Lodgepole_Pine
59166,2978,57,11,212,19,892,228,217,121,1984,Lodgepole_Pine
91941,3076,332,14,120,39,2446,187,222,174,865,Spruce_Fir
91959,2944,106,18,212,56,2230,248,215,89,2012,Lodgepole_Pine
91963,2802,77,16,277,38,1725,238,210,98,1948,Lodgepole_Pine
26433,3004,124,12,255,29,3986,240,231,118,2315,Lodgepole_Pine
26438,2918,44,13,390,67,2876,222,211,121,2516,Lodgepole_Pine
91982,2851,68,13,95,8,3112,233,214,112,2469,Spruce_Fir
59218,3158,340,14,212,50,2037,190,219,167,2072,Lodgepole_Pine
26452,2857,133,11,218,7,3092,237,235,127,2136,Lodgepole_Pine
26453,3003,109,14,297,38,4049,243,224,108,2522,Lodgepole_Pine
91988,2993,158,8,408,44,2641,229,242,146,1590,Spruce_Fir
26474,3029,57,12,451,67,1317,228,215,119,2443,Lodgepole_Pine
26489,2856,355,11,242,45,2270,201,220,156,2073,Lodgepole_Pine
26496,3105,69,7,190,7,2255,227,227,134,2284,Spruce_Fir
92042,2970,65,7,324,50,3692,227,226,134,2018,Lodgepole_Pine
59292,3000,79,14,216,34,997,238,214,104,2583,Lodgepole_Pine
92061,2815,159,12,120,31,3048,233,242,138,2520,Lodgepole_Pine
26551,3115,135,15,210,17,1945,242,232,115,2252,Spruce_Fir
59332,3048,331,10,258,60,1146,197,228,170,1269,Lodgepole_Pine
26583,2858,112,13,134,15,1894,242,226,112,2468,Lodgepole_Pine
26585,3006,111,9,268,44,1604,236,230,125,1879,Lodgepole_Pine
59353,2973,316,15,277,-3,1812,180,226,186,1786,Lodgepole_Pine
26592,3100,27,9,268,22,1695,217,221,140,3012,Spruce_Fir
59361,2803,79,16,297,42,3144,239,210,96,2530,Lodgepole_Pine
26594,2844,27,12,210,25,1731,215,214,134,2655,Lodgepole_Pine
92130,2884,110,12,180,24,3113,241,226,112,2676,Lodgepole_Pine
59368,2912,307,15,150,43,3087,179,230,191,2188,Lodgepole_Pine
59374,2978,42,11,443,15,2322,222,215,127,2372,Ponderosa_Pine
92158,2833,67,15,192,49,1396,234,209,103,1915,Lodgepole_Pine
26630,2857,133,11,218,7,3092,237,235,127,2136,Lodgepole_Pine
26649,3003,53,7,240,40,1566,224,225,135,1819,Lodgepole_Pine
92210,2759,159,8,210,35,2751,229,242,145,2374,Lodgepole_Pine
26680,2984,74,10,190,1,2642,233,220,119,1530,Spruce_Fir
92221,2919,314,13,361,24,3057,185,230,185,2040,Spruce_Fir
59462,2782,56,7,335,58,2904,225,225,134,2448,Lodgepole_Pine
26698,2980,155,8,150,18,1542,230,241,144,2193,Lodgepole_Pine
26702,2943,73,10,134,-4,1723,232,221,121,1517,Lodgepole_Pine
59476,2752,45,14,218,37,1116,223,210,118,2161,Lodgepole_Pine
92245,2804,27,8,277,82,2418,217,223,142,1833,Lodgepole_Pine
26711,2831,11,11,319,44,3309,209,218,146,1173,Lodgepole_Pine
26714,3100,74,7,234,5,1651,229,227,132,2148,Lodgepole_Pine
92258,2828,56,7,182,28,1761,225,225,134,2579,Lodgepole_Pine
92268,3025,45,10,108,17,2454,223,219,130,1082,Cottonwood_Willow
26740,2758,55,11,134,33,1189,227,216,121,2506,Lodgepole_Pine
26741,3124,105,11,395,23,2067,238,227,118,2352,Spruce_Fir
59515,3029,284,8,306,58,2349,198,240,181,1128,Lodgepole_Pine
59523,2870,80,12,228,22,2860,236,218,111,2697,Lodgepole_Pine
92298,3003,66,12,120,23,2089,232,215,114,2713,Spruce_Fir
59533,2876,318,15,175,33,2605,181,226,185,2486,Lodgepole_Pine
26775,2940,57,16,212,51,2218,229,206,105,1613,Lodgepole_Pine
59547,3083,122,12,150,30,1831,241,230,117,1933,Lodgepole_Pine
59549,2790,124,11,295,66,2941,239,232,123,2524,Lodgepole_Pine
26790,2753,73,13,480,23,2568,235,215,110,2103,Lodgepole_Pine
26804,3104,162,8,234,38,1728,228,242,147,2143,Lodgepole_Pine
92344,2866,77,17,170,30,2479,239,206,91,2207,Lodgepole_Pine
26809,3032,110,14,162,17,2335,243,224,107,3042,Lodgepole_Pine
26810,2711,19,12,379,33,2377,211,214,138,1710,Douglas_fir
59582,2843,304,14,124,36,2130,180,232,192,1381,Lodgepole_Pine
92355,3132,59,12,402,17,2147,229,215,117,2388,Spruce_Fir
92356,2785,113,13,210,50,1581,241,227,113,2521,Lodgepole_Pine
59591,2843,88,12,95,19,2424,238,220,112,2285,Lodgepole_Pine
92362,2663,77,13,216,48,2314,236,216,110,2313,Douglas_fir
92370,2813,26,12,234,32,2084,214,214,134,3021,Lodgepole_Pine
59613,2799,121,11,277,15,1937,239,231,120,1082,Lodgepole_Pine
26856,2898,9,11,242,14,1655,208,219,147,2845,Lodgepole_Pine
92408,2808,81,11,270,57,1266,235,219,114,2421,Lodgepole_Pine
59644,2764,50,11,242,7,1390,225,215,123,1273,Lodgepole_Pine
59656,2934,108,12,127,35,3298,240,226,114,1855,Lodgepole_Pine
26907,2859,54,10,212,35,834,226,218,125,2609,Lodgepole_Pine
26912,2770,69,15,313,20,1689,235,209,101,1846,Cottonwood_Willow
59690,2978,85,10,295,38,3791,235,222,118,1969,Lodgepole_Pine
59736,2938,52,11,242,77,3120,226,216,123,1994,Lodgepole_Pine
26976,3062,49,11,134,30,2884,224,217,125,1310,Lodgepole_Pine
59747,3150,157,14,309,77,1650,235,241,134,1533,Spruce_Fir
26980,3192,91,13,175,54,1572,240,218,106,2583,Spruce_Fir
59755,2790,331,10,182,27,1710,197,228,170,1885,Lodgepole_Pine
59761,2985,39,12,201,21,891,220,212,125,1967,Lodgepole_Pine
59769,2946,37,11,247,51,2002,219,215,129,3050,Lodgepole_Pine
27013,3071,153,8,319,45,2112,231,241,142,1591,Lodgepole_Pine
27014,2763,73,11,256,28,1570,233,218,115,2496,Lodgepole_Pine
92552,3046,81,11,335,43,1218,235,219,114,2913,Lodgepole_Pine
92562,2982,13,9,255,19,1463,211,221,146,1846,Lodgepole_Pine
59804,3008,108,9,268,45,1600,236,230,125,1869,Lodgepole_Pine
92573,2832,31,11,108,13,1839,217,217,134,2605,Lodgepole_Pine
59808,2857,322,11,150,19,1632,192,229,177,1347,Aspen
59811,2976,60,8,242,31,3849,227,223,131,1958,Lodgepole_Pine
27057,2894,40,8,365,46,1604,221,223,137,2754,Spruce_Fir
92596,3017,339,14,242,64,2058,188,218,169,1194,Lodgepole_Pine
27062,3156,54,13,285,28,1593,227,211,114,1820,Lodgepole_Pine
59844,2974,327,16,309,64,1892,181,221,179,1652,Lodgepole_Pine
59852,2889,128,14,212,46,2187,242,231,115,789,Aspen
92623,3140,91,14,150,37,1348,241,217,102,2448,Spruce_Fir
27090,3073,71,12,210,72,1905,233,216,113,2962,Spruce_Fir
27092,3011,45,14,366,50,2455,223,208,116,2594,Lodgepole_Pine
59861,2771,125,13,175,36,1661,242,230,114,2242,Lodgepole_Pine
27104,3005,163,18,270,24,1800,234,242,132,1471,Spruce_Fir
59882,2775,85,8,170,18,1911,232,226,126,2821,Lodgepole_Pine
27117,2943,131,13,242,80,1712,241,232,118,2565,Lodgepole_Pine
92660,2913,115,13,134,40,1620,242,227,113,2088,Lodgepole_Pine
92666,2854,53,11,335,11,1092,227,215,121,2288,Lodgepole_Pine
59898,3115,42,13,301,20,1896,222,210,121,979,Spruce_Fir
27130,2784,36,11,350,21,1489,219,216,131,1184,Lodgepole_Pine
27141,2870,141,16,319,31,3568,242,234,117,1570,Lodgepole_Pine
92684,3094,332,13,190,4,2200,190,224,173,1641,Krummholz
27150,2883,130,8,404,63,2263,234,236,133,2716,Lodgepole_Pine
92688,2898,32,9,218,9,2279,218,221,139,1415,Spruce_Fir
59922,2845,104,12,366,54,2640,241,224,111,1722,Lodgepole_Pine
27163,2988,62,15,391,34,1802,231,209,106,1710,Lodgepole_Pine
27165,2910,65,15,402,62,2866,233,209,105,2542,Lodgepole_Pine
59939,2735,163,13,175,22,2250,232,243,140,1460,Lodgepole_Pine
92722,3045,16,12,150,20,2820,210,215,141,1177,Lodgepole_Pine
59966,3124,128,15,180,26,2012,244,229,110,2278,Spruce_Fir
27200,2895,75,13,108,16,3294,235,216,110,2454,Lodgepole_Pine
92736,2938,96,11,162,26,3886,238,224,115,1731,Lodgepole_Pine
92739,3126,77,8,391,45,1560,231,225,127,2895,Spruce_Fir
27218,2945,143,15,150,37,1984,240,236,121,1020,Spruce_Fir
92764,2974,327,16,309,64,1892,181,221,179,1652,Lodgepole_Pine
92767,2667,50,8,216,41,1902,224,223,134,2287,Douglas_fir
60004,3069,83,6,212,29,2893,228,230,137,1423,Lodgepole_Pine
92777,2813,152,7,335,40,2383,229,240,144,2755,Lodgepole_Pine
60015,2981,69,10,190,36,3867,231,221,122,1984,Lodgepole_Pine
27247,2955,27,13,360,83,3398,214,211,130,2355,Lodgepole_Pine
27271,2991,79,12,240,53,2220,236,217,110,1919,Lodgepole_Pine
92820,2928,301,14,283,13,2790,180,233,193,1521,Lodgepole_Pine
60063,3009,18,14,127,8,2631,208,210,137,1666,Lodgepole_Pine
27303,3071,265,11,324,65,2543,191,245,193,1830,Lodgepole_Pine
27304,2827,62,11,201,-4,1207,230,216,118,2475,Lodgepole_Pine
92849,2754,58,14,391,48,1558,230,209,109,2924,Lodgepole_Pine
27319,2928,81,8,295,59,1875,231,226,128,2512,Lodgepole_Pine
92857,2856,64,7,255,26,1860,227,226,133,2708,Lodgepole_Pine
60098,2912,36,6,283,59,3158,220,226,142,1952,Lodgepole_Pine
92871,2978,95,8,295,76,1667,233,229,128,2799,Lodgepole_Pine
60110,2729,23,12,335,58,2382,213,214,136,1931,Douglas_fir
27344,2924,107,6,323,77,1641,231,232,134,2224,Lodgepole_Pine
27345,3026,72,10,242,16,1034,232,221,120,2480,Lodgepole_Pine
92881,2915,90,6,242,36,1967,229,231,136,1295,Lodgepole_Pine
92885,2769,96,10,150,13,1775,236,226,121,1828,Spruce_Fir
27351,2989,285,11,330,75,1530,189,240,191,1441,Lodgepole_Pine
27356,3250,128,12,270,40,2130,239,233,122,1812,Spruce_Fir
27361,3074,61,7,212,23,1318,226,225,133,2207,Lodgepole_Pine
60144,2816,76,14,190,34,2335,237,212,104,3422,Lodgepole_Pine
60156,3004,76,6,150,19,2075,228,229,136,1282,Lodgepole_Pine
27401,3104,292,13,342,47,1371,184,237,193,1398,Spruce_Fir
27421,2826,121,10,360,60,2081,237,232,126,750,Lodgepole_Pine
60202,2757,60,14,180,42,1148,230,209,108,2222,Lodgepole_Pine
60209,3010,311,9,255,50,2280,196,234,177,541,Lodgepole_Pine
92979,3018,53,11,216,13,1008,227,215,121,2431,Lodgepole_Pine
60215,2947,103,12,60,9,2220,240,224,112,2081,Lodgepole_Pine
92986,2975,124,7,268,61,1674,233,235,135,2769,Lodgepole_Pine
92988,2854,63,14,180,86,1774,232,210,107,1485,Lodgepole_Pine
93003,2846,130,12,124,38,2684,239,233,123,2021,Lodgepole_Pine
93004,3004,101,9,127,24,1060,235,228,124,2272,Lodgepole_Pine
93021,2915,123,15,150,33,1650,244,228,110,2062,Lodgepole_Pine
60255,2974,11,11,170,29,2989,209,218,146,1473,Douglas_fir
93049,3096,72,10,124,21,1638,231,221,122,3141,Spruce_Fir
93052,2902,128,13,212,53,2643,242,231,116,2032,Lodgepole_Pine
27516,2757,47,10,309,19,930,224,218,128,1897,Lodgepole_Pine
60294,2724,26,12,319,45,2371,214,213,133,1866,Douglas_fir
27529,3002,21,13,268,-5,2571,211,212,135,1277,Spruce_Fir
60313,2822,171,10,180,22,2168,227,245,150,2182,Cottonwood_Willow
60315,3061,77,12,190,25,1243,235,218,113,2255,Lodgepole_Pine
27552,2870,137,9,272,33,2892,234,237,133,2363,Lodgepole_Pine
27565,2840,48,15,212,34,2480,224,207,114,2942,Lodgepole_Pine
93102,2951,308,12,228,68,1982,188,232,185,2394,Lodgepole_Pine
27572,3100,320,12,242,43,2954,189,228,180,1556,Lodgepole_Pine
27583,2966,331,13,255,38,3792,188,223,174,1296,Lodgepole_Pine
27592,2956,59,11,300,72,1470,228,216,119,1924,Douglas_fir
93131,2840,47,10,283,80,1350,224,217,127,2701,Lodgepole_Pine
27602,2950,39,9,240,69,1410,221,220,134,1921,Lodgepole_Pine
27605,2871,19,15,277,61,2697,208,207,133,1765,Lodgepole_Pine
60374,2974,127,14,216,56,2431,243,230,112,1800,Lodgepole_Pine
93142,3072,273,9,382,59,2571,195,243,187,1920,Lodgepole_Pine
93154,3086,291,11,268,60,1509,188,238,190,1337,Spruce_Fir
93156,2829,94,15,234,38,2610,242,217,101,1803,Lodgepole_Pine
60391,2872,321,13,180,34,1698,187,227,180,1390,Aspen
93161,2975,145,6,216,43,1634,228,239,144,2529,Lodgepole_Pine
27628,2982,67,16,258,43,1626,235,206,98,2509,Spruce_Fir
60398,3017,63,6,270,41,1702,226,227,135,1793,Lodgepole_Pine
60400,2930,18,10,400,76,2953,213,220,143,2434,Ponderosa_Pine
60401,2877,90,13,313,33,3186,239,219,109,2635,Lodgepole_Pine
60412,2920,95,11,134,30,3229,238,223,114,1873,Lodgepole_Pine
27651,2910,56,7,277,37,2215,225,225,134,2542,Lodgepole_Pine
27659,3013,144,8,210,41,2233,232,239,139,2455,Douglas_fir
27664,2949,8,12,268,18,2006,206,217,147,926,Spruce_Fir
27671,2919,26,13,420,50,2168,213,211,131,1930,Lodgepole_Pine
60445,2791,100,12,330,30,1510,239,224,113,1110,Lodgepole_Pine
93251,2913,276,10,150,29,3203,194,242,187,1703,Lodgepole_Pine
93255,2865,147,10,313,54,1477,234,239,136,2949,Lodgepole_Pine
60493,2943,121,15,212,45,2270,244,227,107,1994,Lodgepole_Pine
27734,3140,45,11,180,30,1790,223,216,126,2602,Spruce_Fir
93272,3007,87,15,277,21,2708,241,215,100,1554,Lodgepole_Pine
27738,2854,114,8,420,70,2099,233,233,131,1589,Lodgepole_Pine
93285,2989,49,14,67,13,2047,225,210,116,2711,Spruce_Fir
93288,2936,79,9,418,72,3055,232,224,124,2402,Lodgepole_Pine
60542,2860,354,10,228,58,2630,204,223,157,1706,Krummholz
27786,2978,100,9,335,38,1983,236,227,122,722,Ponderosa_Pine
27793,3128,116,8,247,10,2206,235,232,129,1932,Lodgepole_Pine
27800,3069,37,9,335,81,2219,220,220,135,2682,Spruce_Fir
27806,3021,68,7,361,41,1154,227,226,133,2316,Lodgepole_Pine
27810,2783,36,11,300,34,2053,219,215,130,2423,Lodgepole_Pine
60585,2915,15,11,270,57,2763,210,216,142,2591,Lodgepole_Pine
60589,2846,138,12,124,20,2483,239,236,125,2676,Spruce_Fir
93359,2968,317,10,277,68,2885,194,231,178,2103,Lodgepole_Pine
27854,3150,143,12,192,34,2400,237,237,128,3065,Spruce_Fir
93391,2762,145,12,277,10,2248,237,238,130,2694,Lodgepole_Pine
93399,2839,69,12,420,37,960,233,216,113,2310,Lodgepole_Pine
60640,2901,92,15,391,88,2820,242,215,98,1860,Lodgepole_Pine
60645,2758,35,9,295,20,2825,219,220,136,2308,Lodgepole_Pine
60655,3021,31,13,330,-3,2423,216,212,129,1793,Spruce_Fir
27893,2815,40,15,283,69,1678,220,207,118,2646,Lodgepole_Pine
60663,2779,62,10,255,7,1779,229,218,121,1500,Lodgepole_Pine
60685,2758,80,12,277,5,1026,236,218,111,2435,Lodgepole_Pine
27924,2802,23,14,180,18,2416,211,209,131,1368,Lodgepole_Pine
93466,3125,148,12,120,16,2297,236,239,131,2438,Spruce_Fir
60729,2858,43,11,150,28,2769,222,215,126,2624,Lodgepole_Pine
27976,2839,24,11,361,60,1351,214,216,137,2753,Lodgepole_Pine
93517,2835,327,8,190,47,2038,200,231,170,1984,Lodgepole_Pine
28006,3160,21,11,342,24,2777,213,217,140,1429,Spruce_Fir
28016,2856,298,11,192,25,2471,188,236,188,2407,Lodgepole_Pine
60791,2978,126,17,361,35,2591,246,226,103,2620,Lodgepole_Pine
93563,2821,138,11,150,37,3042,237,236,128,2551,Lodgepole_Pine
60796,3080,117,9,376,9,1627,236,232,128,1452,Spruce_Fir
28031,2813,69,9,240,0,3235,230,222,125,2575,Lodgepole_Pine
93570,2784,53,12,339,5,1761,227,214,119,1579,Lodgepole_Pine
60811,2956,67,12,150,17,2284,232,217,116,1982,Spruce_Fir
28076,3020,68,15,283,59,2125,234,209,102,2343,Spruce_Fir
60847,2806,36,8,270,22,2349,220,222,138,1358,Lodgepole_Pine
93618,2935,105,10,255,65,1440,237,228,120,2072,Lodgepole_Pine
60851,3177,8,13,330,36,2283,205,214,145,1486,Lodgepole_Pine
93620,2961,102,6,228,65,3390,230,233,137,1657,Lodgepole_Pine
28092,2833,31,13,242,12,1831,216,210,128,1557,Lodgepole_Pine
60862,2779,133,8,201,36,1783,233,236,135,2496,Lodgepole_Pine
60864,2813,84,10,309,40,2287,234,224,121,2673,Lodgepole_Pine
60869,3160,48,14,212,31,2374,224,209,116,2214,Spruce_Fir
93642,2836,95,9,212,45,2177,234,227,124,1790,Lodgepole_Pine
60874,2910,96,11,268,50,3247,238,224,115,2727,Lodgepole_Pine
93645,2902,127,7,430,65,3031,232,236,136,2137,Lodgepole_Pine
28135,2756,86,7,242,7,2848,230,229,132,2292,Lodgepole_Pine
28139,2801,95,10,313,34,2285,236,225,120,1358,Lodgepole_Pine
60919,3162,76,7,190,39,2576,229,227,131,1879,Spruce_Fir
60926,3017,43,12,426,15,1034,222,213,124,1805,Spruce_Fir
60956,2830,137,9,361,29,2496,235,237,133,2706,Lodgepole_Pine
93731,2855,48,14,268,39,3334,224,208,115,2970,Lodgepole_Pine
93733,3209,153,10,319,29,2101,232,241,139,1811,Lodgepole_Pine
60971,2899,22,10,437,30,2117,214,218,140,1666,Lodgepole_Pine
93744,2895,69,7,242,45,2604,228,226,131,2670,Lodgepole_Pine
28217,2931,108,14,319,44,3355,243,223,107,2308,Lodgepole_Pine
28233,2945,106,10,366,52,3444,238,228,120,2213,Lodgepole_Pine
61001,2952,314,17,212,44,1704,172,224,191,1299,Lodgepole_Pine
93774,2764,55,9,190,46,1587,226,221,128,2282,Lodgepole_Pine
28240,2781,93,12,331,38,1693,239,222,111,2630,Lodgepole_Pine
93785,2865,142,11,190,39,2445,237,237,129,2695,Spruce_Fir
61029,2853,132,16,295,51,1084,245,229,108,2100,Lodgepole_Pine
61031,2838,92,14,446,37,2564,241,218,105,2779,Lodgepole_Pine
28273,2836,113,14,134,35,2890,244,224,107,2331,Lodgepole_Pine
61057,2772,72,8,120,23,1906,229,226,130,2242,Lodgepole_Pine
61075,2994,24,11,297,18,1710,214,216,137,1323,Lodgepole_Pine
93851,2831,11,11,319,44,3309,209,218,146,1173,Lodgepole_Pine
28318,2892,129,12,234,59,2133,240,233,121,872,Lodgepole_Pine
61091,2876,97,13,182,47,1529,241,221,108,2043,Lodgepole_Pine
61110,2982,122,16,420,62,2223,246,225,102,2592,Lodgepole_Pine
61113,3013,42,11,443,-10,2483,222,216,128,2538,Lodgepole_Pine
61129,2910,76,10,247,46,3079,232,222,121,2498,Lodgepole_Pine
61133,2974,44,15,190,49,830,222,205,113,1935,Lodgepole_Pine
93903,2899,33,14,256,53,2785,216,208,124,2529,Lodgepole_Pine
61145,2873,325,15,134,16,2556,182,223,180,2308,Spruce_Fir
61146,2719,88,11,212,10,1543,237,221,114,2349,Lodgepole_Pine
93916,2979,48,11,218,19,2100,224,215,123,930,Lodgepole_Pine
93917,2906,53,15,182,45,2962,227,207,110,2143,Lodgepole_Pine
61172,2985,289,11,300,54,1895,188,239,191,1543,Lodgepole_Pine
28418,2982,13,9,255,19,1463,211,221,146,1846,Lodgepole_Pine
61186,2833,169,10,182,32,2777,228,244,148,2480,Lodgepole_Pine
28420,2850,339,15,190,48,2613,185,216,169,1714,Lodgepole_Pine
93968,2952,111,12,212,63,3823,240,227,116,2508,Lodgepole_Pine
28447,2877,39,13,421,35,2640,220,212,124,997,Spruce_Fir
93988,2886,52,14,268,48,1415,226,209,113,1129,Lodgepole_Pine
28455,3016,156,13,150,1,2525,234,241,135,1552,Lodgepole_Pine
28456,2929,153,10,408,38,2646,232,241,139,2330,Lodgepole_Pine
61246,2839,45,10,216,40,1271,223,218,129,2190,Lodgepole_Pine
61253,2944,20,13,210,67,1380,210,211,135,1920,Lodgepole_Pine
61256,2816,106,8,150,25,2647,233,231,130,2407,Lodgepole_Pine
94031,2811,35,9,212,28,1969,219,220,136,1643,Lodgepole_Pine
94049,2877,20,15,323,58,1624,208,207,133,2812,Lodgepole_Pine
28521,2822,54,14,162,53,2534,228,209,111,2888,Lodgepole_Pine
94059,2909,87,13,323,45,2202,239,217,106,691,Lodgepole_Pine
94064,2925,95,14,313,61,3084,241,219,104,2456,Lodgepole_Pine
28536,2911,324,13,150,37,1025,186,225,179,2032,Lodgepole_Pine
61305,2838,54,10,240,56,2416,226,218,124,3448,Lodgepole_Pine
94074,3036,153,14,426,70,2496,236,240,131,1134,Spruce_Fir
28542,2975,153,7,212,52,1613,229,240,145,2596,Lodgepole_Pine
28547,2722,81,10,234,37,3744,233,223,121,2366,Lodgepole_Pine
28552,3022,305,15,201,27,2445,178,231,193,1350,Lodgepole_Pine
61323,3025,36,12,390,65,1315,219,212,127,2445,Lodgepole_Pine
61330,2803,110,8,212,7,2370,234,231,129,1575,Lodgepole_Pine
61331,2997,37,12,323,6,981,219,214,128,1690,Spruce_Fir
28577,3050,15,11,361,62,2342,211,218,143,2588,Spruce_Fir
94115,2824,131,9,360,40,1934,236,235,130,1289,Lodgepole_Pine
28597,2863,120,13,182,27,2501,242,229,114,2631,Douglas_fir
61372,2991,32,11,300,-16,2564,218,217,134,1337,Spruce_Fir
94150,2756,89,12,170,36,1509,238,220,111,2188,Lodgepole_Pine
94152,2845,111,12,134,29,3312,241,227,114,1765,Lodgepole_Pine
28620,3121,133,10,216,31,1068,236,235,129,1782,Spruce_Fir
61388,3162,146,11,255,46,2461,235,239,134,3024,Spruce_Fir
94158,3184,38,13,330,56,1544,219,210,123,1931,Lodgepole_Pine
94163,2814,78,12,309,48,1987,235,219,114,832,Lodgepole_Pine
61397,2901,121,14,175,35,3648,243,228,112,2711,Spruce_Fir
28635,3022,119,8,228,0,2803,235,233,129,1477,Lodgepole_Pine
61411,2851,45,11,242,55,1419,223,216,126,2014,Aspen
61418,2827,49,9,360,60,1766,224,220,130,1266,Lodgepole_Pine
94197,2835,54,11,216,75,2533,226,217,123,2829,Lodgepole_Pine
28665,2920,126,11,134,36,3548,238,233,124,2003,Lodgepole_Pine
28667,2892,77,12,85,12,2061,235,217,112,2377,Lodgepole_Pine
61435,3016,156,13,150,1,2525,234,241,135,1552,Ponderosa_Pine
28673,2806,45,13,90,42,1812,223,212,121,1296,Lodgepole_Pine
28681,2814,36,13,85,14,1871,219,211,126,2490,Lodgepole_Pine
94220,3005,60,13,351,67,1982,230,212,113,1766,Lodgepole_Pine
61453,2998,62,11,277,62,659,230,217,119,1621,Lodgepole_Pine
94229,3044,167,13,162,22,1626,230,245,143,2321,Spruce_Fir
28693,2730,74,12,108,15,2541,235,216,111,2079,Lodgepole_Pine
61463,2978,74,8,277,33,4097,230,224,127,1862,Lodgepole_Pine
28709,3056,37,12,150,29,1298,219,213,127,2960,Lodgepole_Pine
28716,2853,118,10,150,17,2954,238,231,122,2352,Lodgepole_Pine
94260,2981,82,13,283,52,1950,237,218,109,1841,Lodgepole_Pine
61492,2904,33,10,467,38,2997,218,219,136,2138,Lodgepole_Pine
28733,3047,349,13,170,34,2382,195,218,161,1776,Spruce_Fir
94274,2992,35,11,295,4,969,219,215,130,1661,Spruce_Fir
61508,3091,59,10,175,34,765,228,219,124,1638,Spruce_Fir
28740,2770,51,12,120,7,1528,226,214,120,1652,Lodgepole_Pine
94290,2979,353,13,192,25,2382,196,216,157,1350,Aspen
61537,3005,94,11,234,4,2713,238,223,115,1565,Lodgepole_Pine
28774,3147,67,15,283,15,1321,234,208,102,2314,Spruce_Fir
94332,3024,92,12,297,75,2325,239,221,110,824,Lodgepole_Pine
28802,2836,51,14,242,33,2221,226,210,115,1616,Lodgepole_Pine
94340,2684,149,12,335,50,2241,236,239,132,2413,Ponderosa_Pine
28817,2948,58,8,124,17,3413,226,224,132,2541,Lodgepole_Pine
61591,2873,22,8,309,49,2379,215,224,145,2256,Lodgepole_Pine
61603,2978,74,12,242,49,1980,235,216,111,1879,Lodgepole_Pine
94379,2931,83,11,170,14,1006,235,221,116,2168,Lodgepole_Pine
94381,2991,78,11,95,9,2430,234,220,116,2099,Lodgepole_Pine
94382,2956,112,17,258,36,1889,247,220,96,1445,Spruce_Fir
28848,3044,119,8,342,72,2345,235,233,129,2308,Spruce_Fir
28860,2804,23,9,255,31,1616,215,221,142,1325,Lodgepole_Pine
94402,2829,29,14,319,79,2467,214,208,127,1761,Lodgepole_Pine
94403,2796,79,8,210,0,2310,231,226,128,1537,Lodgepole_Pine
94410,2831,51,7,212,20,2460,224,225,137,2831,Lodgepole_Pine
61650,3029,92,7,162,11,1783,232,229,129,1703,Spruce_Fir
61656,2906,127,11,268,14,2106,239,232,122,859,Lodgepole_Pine
61660,2982,24,10,216,46,2856,215,218,139,1410,Lodgepole_Pine
61669,2895,174,11,361,48,3206,227,246,150,2497,Lodgepole_Pine
94451,3083,77,13,218,35,1928,236,215,107,3510,Spruce_Fir
61700,2965,326,14,228,52,1590,185,224,178,792,Lodgepole_Pine
94470,2973,70,14,234,33,2008,235,212,106,638,Spruce_Fir
61718,2981,80,11,268,36,3872,235,220,116,1928,Lodgepole_Pine
28951,2905,32,11,443,63,2618,218,217,134,1180,Spruce_Fir
94494,3024,312,13,234,34,2950,185,230,185,834,Spruce_Fir
94500,2918,111,11,201,24,1616,238,229,119,900,Lodgepole_Pine
61749,2942,87,14,153,22,1761,240,216,104,1500,Spruce_Fir
94519,2892,132,13,234,54,2147,240,233,121,845,Lodgepole_Pine
94528,2996,101,11,255,31,4015,238,226,117,2563,Lodgepole_Pine
28996,2923,57,13,216,57,3034,228,213,116,2084,Lodgepole_Pine
61765,2776,83,11,120,21,1824,236,220,114,2779,Lodgepole_Pine
29006,3167,27,10,255,22,2337,216,219,138,2455,Spruce_Fir
29010,2829,9,9,277,45,1638,211,223,149,2657,Lodgepole_Pine
29013,3047,41,13,319,63,1463,221,210,122,2300,Lodgepole_Pine
29015,3070,150,18,277,54,1740,241,236,118,2242,Spruce_Fir
94553,3032,18,12,201,35,2640,211,215,139,1041,Lodgepole_Pine
94555,3045,59,7,285,10,2378,226,226,134,1198,Spruce_Fir
61800,3002,40,13,350,8,993,221,212,124,1718,Spruce_Fir
61816,3145,8,9,212,44,2033,210,223,150,1717,Spruce_Fir
94590,2834,32,15,247,36,1897,216,207,124,1561,Lodgepole_Pine
29055,2851,107,14,201,50,2942,243,223,106,2326,Lodgepole_Pine
61825,2713,85,12,339,64,2363,237,220,112,2200,Lodgepole_Pine
94605,2844,75,7,162,53,2404,229,226,130,3076,Lodgepole_Pine
94610,2689,86,12,242,76,2407,238,219,110,2430,Lodgepole_Pine
29075,2929,146,9,134,27,3312,233,239,138,1801,Lodgepole_Pine
29076,2824,75,10,335,33,2858,233,221,120,2534,Lodgepole_Pine
29085,2997,78,13,182,34,1524,237,215,106,1900,Lodgepole_Pine
29089,2981,112,13,255,68,2405,242,226,112,1832,Lodgepole_Pine
94633,3038,110,12,256,10,899,240,227,115,1889,Lodgepole_Pine
61869,2904,48,6,277,20,3255,223,227,140,2234,Lodgepole_Pine
61879,2984,75,13,150,46,2310,236,214,107,2040,Spruce_Fir
29113,2891,54,10,218,27,2178,226,218,124,760,Lodgepole_Pine
94649,3042,2,8,319,41,2374,209,225,154,2079,Spruce_Fir
94674,2844,59,11,190,4,1226,228,217,120,2367,Lodgepole_Pine
29141,3019,39,9,234,39,1115,221,219,133,2301,Spruce_Fir
94684,2860,337,12,212,43,2333,193,223,169,2135,Spruce_Fir
94686,2643,81,14,170,47,2226,238,215,106,2320,Douglas_fir
29151,3014,106,9,469,44,1395,235,229,125,2115,Lodgepole_Pine
29165,2844,115,10,108,8,2962,237,231,124,2336,Spruce_Fir
29166,3089,87,10,190,39,807,235,224,119,1650,Lodgepole_Pine
29169,3191,96,12,162,18,2581,239,223,113,1565,Spruce_Fir
94719,2910,17,15,210,40,1851,207,208,135,2881,Lodgepole_Pine
94723,2862,117,16,134,31,2780,245,224,103,2212,Lodgepole_Pine
61963,2980,309,10,180,40,1543,193,234,181,1515,Lodgepole_Pine
29198,2905,110,12,467,39,1761,240,227,115,2701,Douglas_fir
61968,3032,285,11,182,40,2630,188,240,192,864,Spruce_Fir
94754,3100,51,13,150,10,1652,226,211,116,2236,Lodgepole_Pine
61998,3164,27,10,212,25,2285,216,219,139,2502,Spruce_Fir
29232,2912,342,14,192,49,1727,191,218,166,2486,Ponderosa_Pine
94769,2822,59,12,285,87,1282,229,214,116,2732,Lodgepole_Pine
62028,2984,74,10,190,1,2642,233,220,119,1530,Spruce_Fir
94799,3021,175,17,360,42,1704,227,247,145,1304,Lodgepole_Pine
94801,3071,34,15,319,45,2737,216,205,120,1230,Ponderosa_Pine
62036,2803,73,12,361,60,1671,234,217,113,2583,Lodgepole_Pine
62041,2853,132,17,127,33,2742,245,229,107,2125,Lodgepole_Pine
62046,2829,79,12,319,41,1120,236,217,110,1383,Lodgepole_Pine
94831,2948,108,5,212,9,1978,229,234,138,1959,Lodgepole_Pine
94835,2846,54,8,256,56,2590,225,222,130,1608,Lodgepole_Pine
62067,2820,127,11,124,6,2096,239,232,122,2264,Aspen
94861,2822,49,9,150,1,2549,224,220,130,2503,Lodgepole_Pine
29339,3116,59,12,335,-3,2080,229,214,116,2480,Spruce_Fir
29353,2964,123,16,277,76,2295,246,226,103,1973,Lodgepole_Pine
29364,2912,22,10,134,27,1733,214,218,140,1358,Lodgepole_Pine
94903,3007,322,14,120,31,2565,183,225,181,984,Lodgepole_Pine
94909,2935,88,13,247,6,1914,239,218,107,1943,Lodgepole_Pine
94920,2891,340,13,175,40,1624,192,220,167,2561,Spruce_Fir
94960,2983,123,8,162,30,2105,234,234,131,2875,Lodgepole_Pine
62198,2846,10,12,433,70,2357,207,216,145,2252,Lodgepole_Pine
62203,2990,25,16,242,36,2206,210,203,125,2132,Spruce_Fir
94997,2880,140,16,201,67,2155,242,233,115,1048,Aspen
29477,3063,82,9,268,28,2103,233,225,124,1383,Spruce_Fir
95028,3010,86,8,108,8,1934,232,227,129,1390,Lodgepole_Pine
29518,3139,30,9,216,41,1994,218,220,138,1705,Spruce_Fir
29522,2858,31,14,234,37,2609,216,209,126,2746,Lodgepole_Pine
62292,3045,122,8,365,73,2377,233,234,133,2294,Spruce_Fir
95067,2894,119,14,108,22,1518,243,227,109,2701,Lodgepole_Pine
29539,2824,93,13,150,29,1613,241,219,106,2165,Lodgepole_Pine
95092,2650,82,13,190,42,2256,237,217,108,2317,Douglas_fir
95099,2844,117,8,376,60,2054,235,232,129,1500,Aspen
95107,3117,59,12,360,27,1999,229,215,117,2227,Lodgepole_Pine
95109,3168,127,15,283,52,2433,244,229,110,2971,Lodgepole_Pine
29576,2839,45,17,170,34,2988,222,201,108,2247,Spruce_Fir
95113,2900,72,11,212,11,1703,233,219,117,2125,Lodgepole_Pine
62366,2909,65,11,362,83,2755,230,218,119,3101,Lodgepole_Pine
62368,2811,82,14,361,38,2251,239,214,103,2568,Lodgepole_Pine
62373,2735,163,13,175,22,2250,232,243,140,1460,Lodgepole_Pine
95152,3183,139,13,242,36,1910,239,236,124,1965,Spruce_Fir
29618,2881,54,14,108,31,3343,228,208,111,2420,Spruce_Fir
95155,2966,21,11,319,60,872,213,217,140,2012,Lodgepole_Pine
62396,3097,63,12,283,38,1892,230,215,116,3435,Spruce_Fir
95173,2778,54,13,335,61,1667,227,211,114,3018,Lodgepole_Pine
62412,2803,137,17,182,42,1727,244,231,109,2240,Lodgepole_Pine
29649,2854,96,9,212,23,2461,234,228,125,2655,Lodgepole_Pine
62418,2919,113,7,283,51,2946,233,233,132,1994,Lodgepole_Pine
95186,3106,311,9,175,31,2128,195,234,179,2318,Lodgepole_Pine
29651,2826,155,14,134,20,3017,235,241,132,2072,Lodgepole_Pine
95196,3026,55,13,124,11,2096,228,212,115,1608,Lodgepole_Pine
62433,2959,91,11,210,5,1900,237,223,117,1292,Lodgepole_Pine
29669,2849,61,12,297,42,2550,230,215,116,2910,Lodgepole_Pine
62438,2944,86,11,212,52,1770,236,221,115,1936,Lodgepole_Pine
62445,2938,170,16,331,92,2247,230,245,141,1369,Lodgepole_Pine
62449,2896,317,15,218,32,2084,179,225,186,845,Lodgepole_Pine
95226,2710,103,16,218,55,2356,245,217,96,2438,Ponderosa_Pine
95228,2973,52,9,306,84,1500,225,221,130,1836,Lodgepole_Pine
62464,2833,32,7,240,52,1931,219,224,142,1899,Krummholz
62470,2852,39,10,277,61,2300,221,219,132,2821,Lodgepole_Pine
62480,2912,56,14,319,39,3257,228,209,111,2763,Lodgepole_Pine
62487,2981,36,12,90,36,3150,219,213,128,1430,Spruce_Fir
29740,2818,122,11,201,27,2574,238,232,123,2460,Lodgepole_Pine
95285,2870,97,14,182,27,1961,242,219,104,2462,Lodgepole_Pine
62519,2997,66,8,390,55,1101,228,225,131,2230,Lodgepole_Pine
95288,2917,331,14,268,43,983,185,221,175,1972,Lodgepole_Pine
29772,2837,71,10,234,66,2215,231,221,121,2928,Spruce_Fir
62542,2891,42,7,153,23,3069,221,225,139,2601,Lodgepole_Pine
62543,2939,322,9,258,59,3199,198,232,173,2162,Lodgepole_Pine
95314,3059,28,13,350,60,1655,215,212,132,1159,Lodgepole_Pine
62548,2822,84,15,192,51,2187,240,214,101,2971,Spruce_Fir
95319,3008,108,9,268,45,1600,236,230,125,1869,Lodgepole_Pine
62559,3186,146,12,228,41,1144,237,238,130,1937,Spruce_Fir
62566,3015,88,14,218,46,2128,241,215,101,2402,Spruce_Fir
95351,2773,81,14,108,24,3019,238,215,106,2338,Lodgepole_Pine
95363,2788,100,13,335,49,1718,242,221,107,3006,Lodgepole_Pine
29829,2768,96,7,218,19,1934,232,229,129,2362,Lodgepole_Pine
62603,2958,326,16,258,43,1920,179,221,181,1682,Lodgepole_Pine
29846,2930,94,12,190,26,3820,238,222,113,1660,Lodgepole_Pine
95384,2962,298,13,228,55,1531,185,235,191,845,Lodgepole_Pine
29853,2820,77,9,210,29,2662,232,223,122,2471,Lodgepole_Pine
29863,2951,160,15,390,75,2991,234,242,135,1632,Lodgepole_Pine
29864,2802,73,6,424,46,1968,227,229,136,2097,Lodgepole_Pine
29865,3041,97,11,313,-2,3507,238,224,116,2814,Spruce_Fir
29873,2780,71,11,297,25,1905,232,219,118,2830,Lodgepole_Pine
95429,2985,86,12,212,47,2190,238,219,110,1932,Lodgepole_Pine
62666,2894,106,12,95,27,3144,241,225,111,2886,Lodgepole_Pine
62688,3096,123,11,430,12,1972,239,231,121,2471,Spruce_Fir
29923,2843,112,14,242,15,2805,244,224,106,2609,Lodgepole_Pine
95460,2943,113,6,319,73,2886,231,234,136,1747,Lodgepole_Pine
62705,2966,317,12,120,22,3208,187,229,182,1256,Spruce_Fir
95476,2819,33,14,150,15,1742,216,209,125,1624,Lodgepole_Pine
62721,2785,25,13,162,14,2830,213,212,133,2244,Spruce_Fir
95496,2988,135,8,272,52,2073,233,237,135,859,Lodgepole_Pine
62728,2951,103,5,180,19,2014,229,233,138,2420,Lodgepole_Pine
29963,3110,77,12,255,26,2716,235,218,113,2910,Lodgepole_Pine
62738,3148,62,11,270,42,2333,230,216,118,1663,Lodgepole_Pine
62754,2804,135,8,418,48,1879,233,237,135,2100,Aspen
62760,2900,61,9,306,87,3208,227,222,128,2301,Lodgepole_Pine
30001,2981,345,14,234,37,3310,191,217,164,2125,Spruce_Fir
95544,2888,63,5,351,63,2601,225,229,139,2190,Lodgepole_Pine
95552,2860,337,12,212,43,2333,193,223,169,2135,Spruce_Fir
62795,2846,112,10,212,25,2558,238,229,121,2831,Spruce_Fir
30032,2872,112,14,124,21,2932,243,225,108,2708,Lodgepole_Pine
62812,2913,116,12,212,26,3323,241,228,115,2379,Lodgepole_Pine
95585,2842,180,14,256,42,2207,225,248,153,2054,Lodgepole_Pine
30050,2809,78,13,270,58,1282,237,215,106,2446,Lodgepole_Pine
62819,2756,135,14,313,76,1863,241,233,117,2210,Lodgepole_Pine
62823,2983,329,12,283,12,1812,190,225,174,1731,Lodgepole_Pine
95594,3128,57,12,390,61,1860,228,215,119,3304,Spruce_Fir
62828,2935,81,13,277,92,3502,237,216,107,2292,Lodgepole_Pine
95616,2949,85,13,466,67,1945,238,217,108,2629,Lodgepole_Pine
62848,2880,117,14,417,78,2820,244,226,108,1936,Lodgepole_Pine
30131,2995,24,12,255,52,3884,213,214,135,1377,Lodgepole_Pine
95667,2976,106,12,324,56,1930,241,225,111,1388,Spruce_Fir
95671,3092,342,15,212,49,2910,187,215,167,2359,Spruce_Fir
95695,2813,49,14,350,12,1873,225,208,114,2684,Spruce_Fir
30167,2851,116,13,212,30,1233,242,227,112,1866,Cottonwood_Willow
30179,2844,59,11,190,4,1226,228,217,120,2367,Lodgepole_Pine
62950,3181,52,13,323,22,1951,226,211,115,3036,Lodgepole_Pine
30191,2895,130,12,162,28,2888,240,233,122,2214,Lodgepole_Pine
62969,2895,23,13,361,59,2484,212,213,135,2148,Lodgepole_Pine
62981,2985,102,15,247,36,2058,244,219,99,808,Spruce_Fir
30221,2991,291,14,210,64,3200,180,237,197,1360,Spruce_Fir
62993,2871,149,11,382,29,2402,235,239,134,2047,Aspen
95762,2840,71,11,60,15,2601,233,218,115,2495,Lodgepole_Pine
62999,2993,33,10,324,16,1020,218,218,135,2184,Lodgepole_Pine
30245,2915,137,12,300,36,2012,238,235,126,1230,Lodgepole_Pine
63013,3104,292,13,342,47,1371,184,237,193,1398,Spruce_Fir
30249,3089,34,14,285,-4,2269,217,209,124,1546,Spruce_Fir
95789,3014,33,14,182,46,1879,216,209,125,3432,Spruce_Fir
30258,2831,15,10,175,33,1936,211,219,144,1740,Lodgepole_Pine
95802,2895,125,13,234,52,2173,242,230,115,794,Lodgepole_Pine
30271,3173,45,9,408,45,1471,223,220,131,1776,Lodgepole_Pine
63062,3035,40,12,150,24,1840,221,213,125,1774,Spruce_Fir
63064,2881,63,13,350,33,2799,231,212,111,2661,Lodgepole_Pine
30297,3047,93,9,277,29,1889,234,227,125,1604,Spruce_Fir
30305,2921,180,10,390,34,2613,224,247,155,2298,Lodgepole_Pine
95863,2739,46,14,268,39,2200,224,208,115,2190,Lodgepole_Pine
30330,2957,18,10,127,5,2383,213,220,143,2002,Spruce_Fir
95880,2845,141,14,175,29,3350,240,236,123,1724,Lodgepole_Pine
63116,3025,338,13,134,22,2030,191,221,169,1261,Spruce_Fir
63145,2921,153,9,474,58,2589,231,241,141,2016,Lodgepole_Pine
95931,2961,313,17,295,64,1959,171,224,193,1559,Lodgepole_Pine
63169,2917,315,13,120,36,1892,186,229,183,1130,Lodgepole_Pine
30419,3035,34,7,212,26,3273,219,225,142,1714,Spruce_Fir
30425,2796,70,10,255,39,1999,231,220,120,2922,Lodgepole_Pine
95962,2960,23,11,342,77,2041,214,217,138,2506,Lodgepole_Pine
95976,2862,90,6,424,68,2131,229,231,136,1648,Lodgepole_Pine
30441,2902,16,13,351,21,1936,208,213,140,2992,Lodgepole_Pine
63213,2830,40,8,170,24,2431,221,222,135,2885,Lodgepole_Pine
63220,2927,43,9,430,74,2942,222,220,132,2460,Lodgepole_Pine
30453,2890,69,6,182,22,3088,226,228,136,2592,Lodgepole_Pine
95995,2944,60,10,390,80,3254,228,219,123,2312,Lodgepole_Pine
30477,2842,106,11,330,-1,2977,239,227,117,2681,Lodgepole_Pine
96017,3002,96,13,277,37,4044,241,220,107,2538,Lodgepole_Pine
96021,2859,27,13,309,17,1359,214,212,131,2230,Lodgepole_Pine
63254,2885,26,9,192,38,3271,216,220,140,2643,Lodgepole_Pine
63257,3097,322,11,395,19,2490,192,229,177,1061,Spruce_Fir
96028,3057,90,9,175,13,3454,235,225,121,2832,Spruce_Fir
63265,3003,109,14,297,38,4049,243,224,108,2522,Lodgepole_Pine
96042,2786,84,14,170,24,3180,239,216,105,2478,Lodgepole_Pine
30517,2989,43,10,234,48,2866,222,219,131,1440,Lodgepole_Pine
30525,2806,24,10,190,30,2103,215,218,139,2506,Lodgepole_Pine
63297,2975,18,11,283,22,792,211,216,141,1963,Lodgepole_Pine
30538,2984,309,10,335,69,2866,193,234,181,1480,Lodgepole_Pine
96085,2881,338,15,418,46,2010,185,217,170,1461,Lodgepole_Pine
30553,2776,55,13,150,13,1550,228,211,114,1681,Lodgepole_Pine
30556,2820,347,14,256,33,2620,193,217,162,1798,Lodgepole_Pine
96099,2976,45,12,234,28,797,223,214,123,2326,Lodgepole_Pine
63353,3097,47,10,295,49,1864,224,218,128,3473,Spruce_Fir
30589,2869,69,11,256,23,1892,232,218,116,2763,Lodgepole_Pine
63391,2793,42,12,201,32,1414,222,213,124,1128,Lodgepole_Pine
96161,2986,313,15,295,71,2915,178,227,189,1405,Lodgepole_Pine
96165,2874,20,10,335,43,2372,214,220,142,2535,Lodgepole_Pine
30636,2827,47,16,180,45,1994,224,202,108,2037,Aspen
30647,3111,77,10,480,18,1959,233,221,119,2402,Lodgepole_Pine
30654,2961,62,5,228,22,2408,224,230,142,2160,Lodgepole_Pine
96199,2952,79,6,120,27,1947,228,229,135,2410,Lodgepole_Pine
96200,3079,21,14,297,13,1463,210,210,134,1922,Spruce_Fir
30667,2886,156,17,247,61,1061,237,240,128,2469,Lodgepole_Pine
96209,2688,115,14,234,42,2281,244,225,107,2162,Douglas_fir
30693,3140,77,9,450,64,1888,232,224,125,2565,Spruce_Fir
63471,2883,321,12,366,32,2416,188,228,179,2614,Lodgepole_Pine
96247,2862,346,14,210,67,1639,192,217,162,1820,Douglas_fir
30718,3073,71,12,210,72,1905,233,216,113,2962,Spruce_Fir
30722,2961,304,9,190,42,3013,196,236,180,1338,Lodgepole_Pine
63508,2844,32,9,170,15,1234,218,221,139,2340,Lodgepole_Pine
96276,2997,69,11,228,5,2678,231,219,119,1419,Spruce_Fir
30743,3011,66,11,446,42,2760,231,217,117,1473,Lodgepole_Pine
30752,3139,330,11,170,38,2051,193,226,172,1758,Spruce_Fir
30777,2842,94,14,108,37,2966,241,218,103,2180,Lodgepole_Pine
30783,2845,35,10,277,47,2040,219,218,134,1830,Lodgepole_Pine
63555,3049,49,14,190,61,2170,225,210,116,2804,Spruce_Fir
30791,2771,19,11,300,71,2397,212,217,141,2396,Lodgepole_Pine
96331,3085,320,13,330,44,882,187,228,181,1666,Lodgepole_Pine
63568,2948,84,6,234,49,3295,229,229,133,1826,Lodgepole_Pine
96348,3082,95,9,390,41,959,234,227,124,1745,Spruce_Fir
63582,2913,322,8,190,47,2954,200,232,172,1926,Lodgepole_Pine
30820,2951,111,12,339,73,1706,240,227,116,2868,Lodgepole_Pine
96362,2807,302,12,182,20,2341,187,235,187,2508,Lodgepole_Pine
63612,2995,51,13,120,30,1888,226,212,118,1296,Lodgepole_Pine
30848,3089,69,7,210,12,2378,228,226,131,2118,Spruce_Fir
96400,2888,108,6,319,69,2886,231,233,136,2101,Lodgepole_Pine
96409,3152,79,8,361,42,1982,231,225,126,3122,Spruce_Fir
63653,2971,14,9,309,8,1463,212,222,147,1809,Lodgepole_Pine
96432,3168,114,9,342,52,2200,236,231,125,2942,Spruce_Fir
96436,3220,154,14,242,39,1826,236,240,130,1434,Spruce_Fir
30904,3038,112,7,175,20,1885,232,233,133,1601,Spruce_Fir
30914,2978,64,7,313,79,3466,227,226,133,2061,Lodgepole_Pine
63683,2837,61,10,134,4,1275,228,220,124,2471,Lodgepole_Pine
96454,3020,79,15,212,51,2139,238,212,101,2412,Spruce_Fir
30929,2921,98,14,306,57,3112,242,220,105,2443,Lodgepole_Pine
30934,2935,76,8,335,71,3254,230,226,128,2346,Lodgepole_Pine
96473,3022,113,12,270,50,2293,241,227,114,2402,Spruce_Fir
30940,2817,76,12,201,-5,1209,234,218,114,2542,Lodgepole_Pine
96478,2989,107,16,335,91,2419,245,220,99,1846,Lodgepole_Pine
96487,2841,19,11,180,22,1756,212,216,140,2646,Lodgepole_Pine
30951,2910,64,15,309,97,3212,233,207,103,2123,Lodgepole_Pine
63734,2945,147,10,408,19,1801,233,239,137,1207,Lodgepole_Pine
30977,2652,45,15,175,43,2262,223,207,115,2222,Ponderosa_Pine
96520,2865,96,15,361,55,2701,243,217,99,1729,Lodgepole_Pine
96529,3034,60,8,190,12,2056,227,223,131,1282,Lodgepole_Pine
30995,2834,88,8,376,44,2552,232,227,128,1595,Lodgepole_Pine
63765,3069,32,9,421,70,2958,218,221,139,1734,Lodgepole_Pine
63789,3132,61,10,268,4,2456,228,220,124,1450,Spruce_Fir
63793,3048,43,10,228,8,1008,222,219,131,1800,Lodgepole_Pine
63803,2982,55,10,120,3,2742,226,220,127,1822,Spruce_Fir
63813,2906,322,9,228,42,2985,198,232,173,1879,Spruce_Fir
31055,3016,50,7,162,9,3048,224,224,135,1683,Spruce_Fir
96605,2918,302,12,247,39,1890,186,234,189,1266,Lodgepole_Pine
96607,2996,79,12,180,33,1519,236,217,110,1892,Lodgepole_Pine
96615,3155,91,12,124,8,3037,239,220,109,2122,Spruce_Fir
96616,2755,56,10,424,39,1684,227,218,124,2047,Lodgepole_Pine
31081,2965,45,7,324,48,3645,222,224,137,1567,Lodgepole_Pine
31088,2921,153,9,474,58,2589,231,241,141,2016,Lodgepole_Pine
96646,3050,141,10,190,26,3534,235,237,132,2725,Spruce_Fir
31112,2958,90,10,256,73,1489,236,224,118,1190,Lodgepole_Pine
31113,3060,93,10,258,31,1260,237,224,118,2778,Lodgepole_Pine
63882,2757,32,9,323,44,1343,218,221,138,2281,Lodgepole_Pine
63896,3100,36,14,212,30,3632,218,207,122,2718,Spruce_Fir
96675,3074,29,10,162,0,2190,217,219,137,1460,Spruce_Fir
63911,3043,288,10,124,21,1771,193,239,186,1611,Spruce_Fir
96679,3030,95,15,361,92,2192,243,216,98,1798,Lodgepole_Pine
96686,3001,58,13,175,19,2370,229,211,113,2017,Lodgepole_Pine
31154,3172,81,9,300,72,2624,232,225,125,1692,Spruce_Fir
31161,2940,90,10,376,83,3477,235,224,120,2670,Lodgepole_Pine
31185,2806,96,16,240,33,1931,244,215,95,2885,Lodgepole_Pine
63956,2983,41,9,323,14,2559,221,221,134,1396,Spruce_Fir
63957,2883,152,11,247,51,1012,234,240,135,1798,Lodgepole_Pine
63970,2789,39,12,270,37,1703,220,213,126,1231,Spruce_Fir
31205,3054,91,10,218,26,2052,235,225,120,1436,Spruce_Fir
63985,2897,120,14,108,27,1560,244,227,109,2170,Lodgepole_Pine
31224,2907,70,8,134,1,2173,229,225,129,2359,Lodgepole_Pine
96766,2942,21,12,283,57,1638,212,213,137,1332,Lodgepole_Pine
64000,3029,67,8,391,49,1221,228,224,129,2382,Lodgepole_Pine
64004,2865,62,11,190,17,2856,230,217,119,2710,Lodgepole_Pine
64005,2838,74,10,283,54,2572,232,222,122,1560,Lodgepole_Pine
31242,2769,107,10,182,45,2828,237,228,121,2468,Lodgepole_Pine
64019,2971,140,13,182,17,1734,239,236,125,2382,Lodgepole_Pine
64020,3082,94,13,212,46,2192,240,220,107,1302,Spruce_Fir
64021,2971,97,8,134,26,1572,233,229,129,2480,Lodgepole_Pine
64023,3033,58,10,330,88,2941,228,218,123,1440,Spruce_Fir
64027,2888,56,12,270,37,469,228,214,117,1839,Spruce_Fir
64029,2855,102,10,255,11,2973,237,227,120,2746,Lodgepole_Pine
31267,2835,11,10,201,37,2197,209,220,147,2908,Lodgepole_Pine
64040,3017,85,8,216,-5,2776,232,227,128,1513,Lodgepole_Pine
64049,2790,331,10,182,27,1710,197,228,170,1885,Lodgepole_Pine
64056,2931,301,11,201,52,3156,188,235,187,2166,Lodgepole_Pine
64072,2832,65,12,212,48,3013,231,216,116,2583,Lodgepole_Pine
31305,3002,40,11,95,25,1900,221,216,129,1371,Lodgepole_Pine
31307,2930,77,16,170,36,3164,239,209,96,1978,Lodgepole_Pine
31308,3083,129,9,350,12,1616,236,235,129,1471,Spruce_Fir
96858,2973,29,11,242,34,1652,216,217,135,2524,Lodgepole_Pine
96861,2849,81,6,360,55,2151,228,230,136,1601,Lodgepole_Pine
31337,3029,261,8,283,57,2312,201,244,182,1087,Lodgepole_Pine
64106,2942,51,15,218,14,1790,226,206,109,2726,Lodgepole_Pine
96877,3134,72,9,277,43,1610,231,223,125,3398,Spruce_Fir
64115,2716,51,10,295,63,2274,225,219,127,2084,Douglas_fir
64117,2828,45,9,210,27,1312,223,221,133,1992,Lodgepole_Pine
31356,2839,90,12,272,23,3004,238,221,112,2646,Lodgepole_Pine
96903,2855,142,13,190,34,2355,239,236,124,2748,Lodgepole_Pine
31378,2790,51,9,90,17,2136,225,220,128,2708,Lodgepole_Pine
31388,3051,29,13,242,63,2227,215,210,129,2738,Spruce_Fir
96934,2861,88,6,301,25,1830,230,229,133,2769,Lodgepole_Pine
64173,2830,88,12,212,61,1762,238,220,110,1786,Aspen
31406,2866,31,13,127,16,2605,216,210,128,2484,Lodgepole_Pine
64185,2969,97,14,153,31,2190,242,218,102,1986,Lodgepole_Pine
96953,2790,51,9,90,17,2136,225,220,128,2708,Lodgepole_Pine
31421,2971,317,12,256,63,1591,189,230,181,819,Lodgepole_Pine
96958,3017,27,11,390,20,1871,216,216,136,1566,Lodgepole_Pine
96959,2893,56,7,242,38,2821,225,225,134,2300,Lodgepole_Pine
64194,2847,133,10,127,11,2937,236,235,129,2324,Douglas_fir
96973,3177,318,12,228,39,3570,189,229,180,1800,Spruce_Fir
64207,2917,315,13,120,36,1892,186,229,183,1130,Lodgepole_Pine
64214,2939,82,14,285,67,3325,239,214,103,2227,Lodgepole_Pine
64217,3007,87,15,277,21,2708,241,215,100,1554,Lodgepole_Pine
31459,2955,307,14,190,41,1691,180,231,191,1332,Lodgepole_Pine
64232,3080,325,15,190,3,2135,181,222,180,1645,Spruce_Fir
97002,2848,45,9,124,15,2763,223,220,132,2804,Lodgepole_Pine
64235,2767,60,10,335,21,2908,228,218,122,2394,Lodgepole_Pine
97011,3013,322,12,150,22,2692,190,228,178,1773,Lodgepole_Pine
31478,3048,57,8,201,26,1875,226,223,132,1633,Spruce_Fir
97027,2644,38,14,201,30,1956,219,209,122,2192,Douglas_fir
64277,3066,35,13,418,14,1784,218,211,126,2603,Spruce_Fir
64292,3089,88,8,277,20,1546,233,227,126,1528,Spruce_Fir
31529,2935,329,13,366,31,3122,189,225,175,2016,Spruce_Fir
97068,2826,134,14,175,20,2980,241,233,118,2114,Lodgepole_Pine
31532,2864,27,12,85,17,2652,215,214,134,2372,Spruce_Fir
31542,2889,304,14,120,33,2978,182,233,191,2256,Lodgepole_Pine
31544,2992,13,13,150,23,2255,207,212,141,2649,Lodgepole_Pine
64317,2747,89,9,240,36,2208,234,225,122,2434,Lodgepole_Pine
97088,3044,42,11,210,14,1714,222,215,127,1170,Spruce_Fir
97089,2983,108,6,365,44,2548,231,233,136,2135,Lodgepole_Pine
31560,2897,38,13,124,27,1774,219,212,125,2899,Lodgepole_Pine
97097,3028,333,12,300,51,1167,192,225,171,1806,Lodgepole_Pine
97133,2950,131,5,255,51,3228,228,237,143,1889,Lodgepole_Pine
64382,3038,43,12,297,-5,2563,222,213,123,2750,Lodgepole_Pine
97163,3034,20,12,335,61,2539,211,213,137,2573,Lodgepole_Pine
31628,3009,18,14,127,8,2631,208,210,137,1666,Lodgepole_Pine
31630,3016,129,6,212,44,2230,231,236,138,2442,Spruce_Fir
31631,2931,23,13,277,40,671,212,213,135,1806,Lodgepole_Pine
31644,2781,107,13,153,64,1276,241,224,110,1549,Lodgepole_Pine
97201,2771,108,8,256,22,1950,235,231,128,2400,Lodgepole_Pine
31674,2872,179,13,361,23,2893,225,247,152,2616,Lodgepole_Pine
64444,2839,113,16,190,55,2227,246,222,100,1528,Lodgepole_Pine
64454,3002,21,13,268,-5,2571,211,212,135,1277,Spruce_Fir
31690,2981,69,10,190,36,3867,231,221,122,1984,Krummholz
64463,2947,94,10,437,83,3362,236,225,119,2240,Lodgepole_Pine
64467,2890,9,8,390,47,2156,211,224,150,2348,Lodgepole_Pine
97244,2912,49,9,309,48,2240,224,221,131,663,Lodgepole_Pine
97260,3003,72,10,216,21,2340,232,220,119,1976,Lodgepole_Pine
31726,2981,54,10,216,5,940,226,218,124,1575,Spruce_Fir
97271,3100,109,11,256,68,2382,240,227,116,3390,Spruce_Fir
64504,2835,49,5,335,45,2030,222,229,142,1822,Lodgepole_Pine
97290,2760,93,9,256,36,2707,235,226,121,2248,Lodgepole_Pine
97292,2931,75,8,277,61,1846,230,225,127,2506,Lodgepole_Pine
97301,3160,60,13,300,40,2971,230,213,114,2845,Lodgepole_Pine
31767,2988,312,13,127,14,2520,185,230,185,2352,Lodgepole_Pine
31768,3086,124,11,319,15,1566,238,232,124,1487,Spruce_Fir
64541,3140,64,12,330,22,2884,231,215,114,992,Spruce_Fir
31780,2885,59,8,295,35,1666,227,223,130,892,Ponderosa_Pine
97317,3053,52,11,95,21,2912,226,215,122,1292,Lodgepole_Pine
64554,2854,59,10,201,34,808,228,220,125,2594,Lodgepole_Pine
97326,3009,45,13,283,10,1064,223,211,120,1666,Spruce_Fir
31812,2706,93,16,255,57,2379,243,215,97,2448,Lodgepole_Pine
64586,2863,51,13,300,37,2656,226,211,117,2738,Lodgepole_Pine
97360,2867,96,9,234,30,2524,234,228,125,2598,Lodgepole_Pine
64605,2867,36,8,391,47,2197,220,222,138,2227,Lodgepole_Pine
31840,3077,335,10,216,66,1691,198,227,168,2106,Lodgepole_Pine
97376,2994,155,17,240,50,2402,237,239,126,2835,Lodgepole_Pine
31842,3192,138,15,268,51,2370,242,233,117,1468,Lodgepole_Pine
97382,2948,139,11,216,46,3310,236,237,130,1825,Lodgepole_Pine
64620,2831,51,7,212,20,2460,224,225,137,2831,Lodgepole_Pine
64650,2862,58,14,342,65,2598,229,211,112,3132,Lodgepole_Pine
64680,2848,37,12,212,29,1772,219,212,126,2706,Lodgepole_Pine
31919,3037,102,8,192,19,1842,234,230,128,1645,Spruce_Fir
64701,2870,55,10,242,26,3198,226,220,127,2604,Lodgepole_Pine
64704,2923,79,13,175,19,3792,237,216,107,1666,Lodgepole_Pine
97474,3081,171,12,268,43,1972,228,245,147,1719,Lodgepole_Pine
97486,2908,48,13,228,23,1557,224,211,118,953,Lodgepole_Pine
31955,3119,48,12,390,44,1343,224,214,122,2989,Aspen
31957,2801,112,15,170,44,2904,244,224,105,2090,Lodgepole_Pine
64726,3126,34,14,134,16,1800,217,208,123,2638,Spruce_Fir
97493,2791,129,7,240,9,2280,231,236,137,1495,Lodgepole_Pine
97504,2920,126,11,134,36,3548,238,233,124,2003,Lodgepole_Pine
64738,2750,82,9,255,96,2240,233,225,124,2661,Aspen
31989,2806,129,10,228,15,2755,237,234,126,2452,Lodgepole_Pine
64771,2968,21,8,150,16,2117,215,223,145,1342,Cottonwood_Willow
64787,2874,142,14,192,41,2839,240,236,121,2207,Lodgepole_Pine
32035,2840,21,11,270,42,1974,213,217,140,1652,Lodgepole_Pine
97579,2985,62,11,457,46,2340,230,217,119,2684,Spruce_Fir
64832,2917,103,16,120,25,1800,245,218,97,2030,Lodgepole_Pine
32065,2961,108,13,335,80,1530,241,225,111,1899,Lodgepole_Pine
32066,3010,77,8,127,9,2989,231,225,127,1695,Spruce_Fir
64841,2833,123,11,242,4,2743,239,231,121,2555,Lodgepole_Pine
64843,2809,78,12,390,0,1824,235,219,114,2282,Spruce_Fir
97626,2939,84,9,190,27,3893,233,225,123,1702,Lodgepole_Pine
97642,2871,137,11,150,11,3046,237,236,129,2652,Lodgepole_Pine
32126,2712,79,13,404,66,2455,237,216,107,2271,Lodgepole_Pine
97666,2950,326,14,180,51,3372,184,224,179,2012,Lodgepole_Pine
32138,2956,66,6,234,17,2394,227,227,135,2220,Lodgepole_Pine
64911,2736,102,13,150,21,2557,241,223,110,2117,Lodgepole_Pine
32161,2966,85,13,67,9,2442,239,217,106,1825,Lodgepole_Pine
64935,2885,15,14,201,43,1608,207,210,138,2618,Spruce_Fir
32168,2900,149,12,458,39,2742,236,239,132,2249,Lodgepole_Pine
64939,2939,337,17,339,56,3121,181,215,171,1784,Spruce_Fir
64944,3043,40,8,295,56,832,221,222,136,1772,Lodgepole_Pine
97721,2846,13,13,323,69,1541,207,212,141,2714,Lodgepole_Pine
97731,2867,10,13,247,25,2461,206,213,144,1063,Spruce_Fir
32197,2824,323,9,180,31,2219,197,231,173,1825,Lodgepole_Pine
64965,2816,137,9,120,16,2103,235,237,133,2248,Aspen
32214,2895,27,12,309,59,2359,215,214,134,1328,Spruce_Fir
64985,2918,287,13,277,37,1209,183,239,196,1806,Lodgepole_Pine
97754,2854,73,6,421,56,2064,228,228,134,1608,Lodgepole_Pine
97761,3002,96,13,255,35,4039,241,220,107,2554,Lodgepole_Pine
32227,2752,45,14,218,37,1116,223,210,118,2161,Lodgepole_Pine
65002,2860,73,12,234,29,2320,234,217,113,2330,Lodgepole_Pine
32248,2782,112,7,201,26,1961,232,233,133,1822,Lodgepole_Pine
65022,3060,47,10,446,15,1771,224,218,128,2590,Spruce_Fir
65049,2812,81,10,309,78,1208,234,222,118,2696,Lodgepole_Pine
32283,2932,320,16,153,44,3345,177,223,185,1642,Lodgepole_Pine
32292,2925,93,9,240,41,3467,234,227,125,2135,Lodgepole_Pine
97836,3152,23,10,212,27,2044,214,218,139,2813,Spruce_Fir
97837,2790,124,11,295,66,2941,239,232,123,2524,Lodgepole_Pine
32311,2873,16,14,430,41,2440,208,211,138,2179,Lodgepole_Pine
97849,3069,70,15,228,-2,2148,235,210,102,1524,Spruce_Fir
32318,2998,149,11,150,10,1207,235,239,134,1855,Lodgepole_Pine
65087,2936,32,14,480,67,2234,216,208,125,1948,Lodgepole_Pine
65093,2820,104,13,313,29,2812,241,223,110,2542,Lodgepole_Pine
32331,3080,288,10,295,85,2584,191,239,188,1652,Lodgepole_Pine
32333,2747,149,11,150,17,2440,234,240,135,2290,Douglas_fir
32337,2732,55,15,323,24,1271,228,207,109,2255,Lodgepole_Pine
97875,2663,77,13,216,48,2314,236,216,110,2313,Douglas_fir
97882,3018,52,11,108,14,2118,226,217,124,1572,Lodgepole_Pine
65135,2745,21,10,268,21,1359,214,219,141,2362,Lodgepole_Pine
65141,3092,115,11,218,60,2379,239,230,120,3360,Spruce_Fir
65164,2850,77,11,216,53,2460,234,220,117,3084,Lodgepole_Pine
65169,2942,120,16,258,69,1530,245,225,104,1988,Lodgepole_Pine
65172,3161,70,9,342,33,1533,230,223,125,1812,Lodgepole_Pine
65173,3117,113,12,182,-1,2120,240,228,117,2052,Lodgepole_Pine
32407,2981,343,13,170,44,1910,192,219,165,2592,Lodgepole_Pine
32439,3057,36,12,324,58,1643,219,212,127,1189,Lodgepole_Pine
32449,2964,307,11,216,45,1620,188,233,185,752,Lodgepole_Pine
32450,3046,141,7,342,50,2352,230,238,141,1276,Lodgepole_Pine
65221,3053,51,12,190,52,2170,226,213,119,2821,Spruce_Fir
98010,3010,95,9,150,25,2092,234,227,124,1426,Lodgepole_Pine
32482,2995,83,12,242,16,2315,237,218,110,2601,Lodgepole_Pine
65255,2962,149,11,216,25,3691,235,239,134,2165,Lodgepole_Pine
98032,3009,111,14,134,29,1100,243,224,107,2315,Lodgepole_Pine
65269,2775,88,12,268,18,2970,238,220,112,2401,Lodgepole_Pine
32507,2940,75,12,319,97,3535,234,217,113,2256,Lodgepole_Pine
98045,3036,88,6,306,67,2212,230,229,133,2318,Spruce_Fir
32510,3027,75,11,300,49,1120,234,218,115,2671,Lodgepole_Pine
98046,2945,328,13,283,43,3112,188,224,175,1575,Spruce_Fir
65277,2997,66,8,390,55,1101,228,225,131,2230,Lodgepole_Pine
65281,2978,67,13,150,25,1509,232,215,112,2018,Lodgepole_Pine
32511,2912,78,15,361,59,3331,238,211,99,2781,Lodgepole_Pine
65286,3016,326,15,175,57,1338,182,222,179,2132,Lodgepole_Pine
32519,3006,60,8,182,14,3060,226,224,132,1773,Lodgepole_Pine
65290,3033,50,12,182,17,3172,225,213,120,1634,Spruce_Fir
65306,2977,86,14,180,45,2173,240,216,103,713,Lodgepole_Pine
98080,2915,150,8,418,56,2529,231,240,141,2058,Lodgepole_Pine
32549,3176,295,11,255,66,3307,190,237,187,1648,Lodgepole_Pine
98095,2891,120,10,277,23,3148,238,231,123,2227,Lodgepole_Pine
98098,2792,130,16,270,57,1648,244,229,109,2586,Lodgepole_Pine
98099,2885,80,13,362,39,1806,237,216,108,2870,Lodgepole_Pine
65340,2837,58,16,150,49,2079,230,204,102,2131,Aspen
32576,2854,11,10,366,52,2167,209,220,147,1924,Lodgepole_Pine
98114,3017,72,12,339,37,1127,233,217,114,2292,Lodgepole_Pine
32578,2675,147,14,313,41,2201,238,238,127,2455,Ponderosa_Pine
32581,3051,151,17,212,35,1674,239,238,121,2295,Spruce_Fir
32592,2930,312,12,120,31,3342,188,231,183,1987,Lodgepole_Pine
98137,3210,42,11,210,45,3330,222,215,127,2251,Spruce_Fir
32620,3141,35,12,300,23,2846,219,214,129,1020,Spruce_Fir
65409,2805,41,10,255,25,1909,221,219,132,1622,Lodgepole_Pine
32645,2847,45,11,277,29,2544,223,216,126,2874,Lodgepole_Pine
65414,2777,107,10,153,21,1894,237,228,121,1812,Lodgepole_Pine
65422,2910,27,8,255,58,1718,217,222,141,2601,Lodgepole_Pine
65425,2815,68,12,170,24,2062,232,216,114,1919,Lodgepole_Pine
32664,3087,178,11,170,24,1833,225,246,153,2016,Lodgepole_Pine
32667,2761,59,12,162,31,2484,229,215,117,2162,Ponderosa_Pine
98205,2730,59,12,362,22,1290,229,214,116,2241,Lodgepole_Pine
32674,2981,144,6,277,62,1687,229,239,143,2731,Lodgepole_Pine
98211,2858,76,11,283,70,1478,234,220,117,1452,Lodgepole_Pine
65447,2822,171,10,180,22,2168,227,245,150,2182,Aspen
98216,3035,145,17,240,20,1756,241,235,118,1209,Spruce_Fir
98226,3155,30,10,212,19,2831,217,218,136,1260,Spruce_Fir
65458,2876,77,13,228,23,2922,236,216,108,2643,Lodgepole_Pine
32693,2777,41,13,272,4,1981,221,211,123,2379,Lodgepole_Pine
65488,2982,33,12,258,50,3099,218,214,131,977,Lodgepole_Pine
65491,2868,33,15,218,34,1565,216,206,122,2738,Spruce_Fir
98260,2906,49,9,234,15,1776,224,220,130,2164,Lodgepole_Pine
32739,2763,48,12,268,36,2746,224,214,122,2268,Lodgepole_Pine
65518,2782,137,12,319,52,2471,238,235,125,2163,Ponderosa_Pine
65530,2979,66,11,335,59,3734,231,217,117,1983,Spruce_Fir
98303,2922,112,13,170,33,1680,242,226,111,2007,Lodgepole_Pine
