Var1,elevation,aspect,slope,horizontal_distance_to_hydrology,Vertical_Distance_To_Hydrology,Horizontal_Distance_To_Roadways,Hillshade_9am,Hillshade_Noon,Hillshade_3pm,Horizontal_Distance_To_Fire_Points,class
107951,3141,13,22,849,86,2813,193,190,128,2403,Lodgepole_Pine
93741,2903,68,24,150,63,182,236,184,67,1199,Spruce_Fir
2170,3323,51,6,571,41,2131,223,226,138,2270,Spruce_Fir
104307,2922,27,3,433,16,4599,218,232,151,4753,Lodgepole_Pine
49622,3143,308,11,67,20,1961,189,233,184,2021,Lodgepole_Pine
10411,3362,197,16,757,224,1018,214,252,167,4374,Ponderosa_Pine
12905,2942,108,12,153,31,3977,241,225,112,5114,Lodgepole_Pine
99735,3140,88,23,480,226,2121,247,196,66,2502,Spruce_Fir
11110,2590,198,2,295,59,960,218,240,158,153,Lodgepole_Pine
99933,2405,55,18,170,69,446,229,199,97,671,Lodgepole_Pine
89541,2334,103,20,30,9,234,249,211,81,767,Ponderosa_Pine
24093,3336,30,24,424,80,5171,205,181,101,408,Spruce_Fir
79692,3625,44,18,865,213,2734,221,199,106,1333,Spruce_Fir
14877,3054,333,4,30,2,3301,210,234,163,571,Cottonwood_Willow
26738,2607,30,13,120,3,1943,216,212,130,2125,Douglas_fir
12528,3329,186,15,437,143,2184,221,250,158,1167,Spruce_Fir
35626,2927,326,24,324,124,4531,153,205,187,335,Spruce_Fir
9271,3297,338,16,350,74,4391,184,216,170,2063,Spruce_Fir
30552,3268,127,27,150,-62,592,252,210,66,3709,Lodgepole_Pine
13142,3257,122,12,553,49,3073,241,230,117,3102,Lodgepole_Pine
99254,3207,34,3,30,0,5681,219,232,149,780,Spruce_Fir
99338,3235,149,43,210,78,1236,233,197,48,899,Krummholz
29614,3035,349,8,301,27,2654,205,226,160,1142,Spruce_Fir
30985,3380,290,10,949,123,1024,191,239,188,2155,Spruce_Fir
66836,2290,281,26,170,83,433,138,231,228,1429,Ponderosa_Pine
22577,2768,144,4,180,25,2718,226,239,148,5747,Lodgepole_Pine
5050,3039,117,9,150,14,430,236,232,128,1132,Spruce_Fir
16663,3070,120,8,466,203,6185,234,234,132,3903,Lodgepole_Pine
18779,3100,77,9,323,-82,1565,232,224,125,1302,Spruce_Fir
68809,2664,211,15,0,0,1712,206,253,179,1170,Spruce_Fir
56945,2617,168,6,108,20,926,225,242,152,663,Lodgepole_Pine
26764,3234,249,8,309,21,5971,203,246,182,1130,Spruce_Fir
7914,3044,30,4,295,21,3037,218,231,149,1230,Lodgepole_Pine
56050,3084,283,4,750,0,934,208,240,171,968,Lodgepole_Pine
65025,3103,86,7,0,0,2941,230,229,132,3328,Spruce_Fir
4881,2820,216,4,162,10,2038,215,244,165,2440,Spruce_Fir
70737,2890,311,16,42,13,5190,175,227,191,4351,Spruce_Fir
105666,3047,298,14,85,4,1981,181,235,193,3395,Spruce_Fir
8832,3004,214,5,937,108,5862,215,245,166,5808,Lodgepole_Pine
38598,2661,327,20,30,12,1652,167,213,184,1222,Lodgepole_Pine
16444,2819,192,17,450,-26,1398,217,251,163,789,Lodgepole_Pine
59444,2550,231,3,247,81,1087,215,242,165,932,Lodgepole_Pine
10009,2822,348,21,60,9,2440,176,201,160,927,Lodgepole_Pine
42867,3404,351,11,552,65,1465,199,221,159,1405,Krummholz
4390,3139,86,31,85,32,1310,247,172,30,812,Krummholz
31891,3204,127,27,240,91,1006,252,212,69,1879,Lodgepole_Pine
30512,2805,8,14,366,43,1583,202,210,143,1203,Lodgepole_Pine
3334,2278,300,40,108,55,1368,82,189,230,1068,Ponderosa_Pine
46679,3212,80,18,85,12,1077,241,205,88,902,Spruce_Fir
335,3224,80,11,30,-4,4082,234,221,118,3360,Krummholz
9637,3222,64,16,256,39,3267,233,205,99,2975,Lodgepole_Pine
22072,1919,65,26,0,0,42,234,178,0,331,Aspen
109992,2199,1,21,60,12,966,184,194,143,351,Ponderosa_Pine
58001,3075,5,29,319,91,2664,169,170,126,2546,Lodgepole_Pine
36575,2033,359,36,360,182,330,142,149,126,930,Douglas_fir
13490,3195,25,13,351,52,600,213,212,133,1732,Lodgepole_Pine
89596,3133,101,4,335,23,5444,226,234,144,685,Spruce_Fir
34184,3331,173,13,1055,215,2589,228,246,148,2183,Krummholz
107213,3083,353,31,626,228,636,151,170,145,1600,Lodgepole_Pine
39793,2841,65,16,190,82,1489,233,207,101,1421,Aspen
1366,2921,35,18,497,126,3048,216,199,113,1024,Lodgepole_Pine
100109,2810,24,5,0,0,2577,217,230,149,1852,Lodgepole_Pine
50843,2968,151,12,301,52,5239,236,240,132,1852,Lodgepole_Pine
57663,3036,62,5,509,195,1167,224,230,142,541,Lodgepole_Pine
52424,2471,214,28,120,45,1884,181,252,192,212,Aspen
99170,2873,305,19,418,81,4091,166,227,200,5617,Spruce_Fir
108608,3194,330,4,384,46,4713,210,235,163,2374,Lodgepole_Pine
78046,2956,285,11,120,25,1677,190,240,190,1406,Lodgepole_Pine
65288,2176,326,37,162,109,582,108,174,192,845,Douglas_fir
72502,2945,94,15,210,48,3901,242,217,101,5220,Lodgepole_Pine
91636,2968,60,9,108,19,5262,228,221,126,2525,Spruce_Fir
2886,2614,24,19,67,22,700,206,195,120,1719,Lodgepole_Pine
103546,3127,32,3,779,73,1961,219,232,150,2592,Spruce_Fir
82104,3392,87,9,242,43,2769,234,224,121,1528,Krummholz
50947,3303,164,26,247,100,2539,233,237,117,3048,Lodgepole_Pine
12264,2470,181,13,408,200,1110,224,248,154,603,Douglas_fir
23975,2985,131,14,558,72,5664,242,231,115,3531,Lodgepole_Pine
35660,3145,23,16,234,33,4683,209,204,128,3207,Spruce_Fir
40348,2180,258,39,210,96,1315,104,229,245,573,Ponderosa_Pine
89422,3111,358,28,684,35,2831,165,176,139,2581,Lodgepole_Pine
97158,3392,112,9,591,159,1885,237,230,124,1749,Krummholz
95924,3325,208,15,258,57,3509,208,253,176,420,Spruce_Fir
26215,2930,328,19,560,132,3181,172,215,181,722,Lodgepole_Pine
2444,3188,103,17,446,56,631,246,216,92,5630,Spruce_Fir
43617,3322,254,7,990,212,1230,204,245,179,2971,Spruce_Fir
19966,3181,98,23,481,106,4248,250,201,66,3373,Spruce_Fir
81085,3039,203,17,30,-4,2534,210,253,173,1132,Lodgepole_Pine
2203,2938,79,21,339,112,485,242,197,76,553,Spruce_Fir
61729,3113,106,14,309,72,840,243,223,107,1572,Lodgepole_Pine
84926,3047,212,14,644,338,2514,207,253,178,1265,Lodgepole_Pine
17318,2790,317,24,120,35,1318,151,211,197,2255,Lodgepole_Pine
8526,2727,3,16,180,20,2496,197,208,146,488,Spruce_Fir
7115,2958,130,28,300,110,2291,252,212,69,1784,Lodgepole_Pine
93645,2902,127,7,430,65,3031,232,236,136,2137,Lodgepole_Pine
23610,3097,35,10,277,4,2804,219,219,135,2946,Lodgepole_Pine
3033,2369,324,25,108,65,805,150,205,191,730,Douglas_fir
13614,2965,208,16,750,165,2674,207,253,177,1581,Lodgepole_Pine
32004,3435,239,10,828,178,3587,202,248,183,421,Spruce_Fir
53344,2934,124,9,295,71,2803,235,234,130,1839,Lodgepole_Pine
68785,2974,317,11,277,53,1848,191,231,179,702,Lodgepole_Pine
65069,2701,342,5,201,28,2148,210,233,161,4863,Lodgepole_Pine
51154,3165,235,34,182,83,2639,143,246,223,1390,Aspen
98163,2743,175,17,234,130,2172,227,247,145,497,Lodgepole_Pine
50724,2695,112,32,42,20,1489,254,187,33,1034,Lodgepole_Pine
17075,2997,79,11,268,16,3818,234,220,117,4869,Lodgepole_Pine
83905,2665,59,10,418,36,960,228,220,125,1036,Ponderosa_Pine
49437,3020,23,5,497,88,2942,217,228,148,1291,Lodgepole_Pine
44842,2959,343,28,120,49,1765,152,185,165,2722,Lodgepole_Pine
4061,3294,289,24,60,24,6035,147,230,219,677,Spruce_Fir
6586,3200,314,30,319,-48,3397,129,202,206,2012,Spruce_Fir
6188,2861,305,15,646,139,201,177,231,193,1689,Lodgepole_Pine
69674,3050,25,13,484,141,4328,213,212,133,4548,Spruce_Fir
14717,3170,81,13,480,-24,825,237,216,107,1321,Lodgepole_Pine
105813,3155,36,13,162,7,1756,219,211,126,698,Spruce_Fir
57433,2792,102,20,234,56,3032,249,210,81,1397,Lodgepole_Pine
41275,2599,157,20,124,32,569,238,238,121,1896,Lodgepole_Pine
38504,2808,315,1,339,95,3129,215,237,160,6308,Spruce_Fir
31217,2654,356,16,277,58,2305,192,209,153,1554,Lodgepole_Pine
71523,2363,346,4,30,-4,595,212,233,159,911,Douglas_fir
21055,2624,67,13,216,46,1040,233,213,110,1478,Lodgepole_Pine
71583,2797,9,22,285,187,2167,189,189,131,2060,Lodgepole_Pine
3137,2959,81,20,124,31,2021,243,201,80,3019,Spruce_Fir
35956,3364,89,17,150,15,2750,244,210,89,1699,Krummholz
76930,2660,225,32,127,60,2992,159,249,209,1354,Ponderosa_Pine
14628,3233,34,24,95,26,1875,209,180,96,2230,Spruce_Fir
64819,3024,254,11,810,108,5852,195,247,191,3755,Lodgepole_Pine
21891,2854,274,3,85,10,2760,211,240,167,2324,Lodgepole_Pine
88423,2436,349,13,108,7,510,195,218,161,1771,Ponderosa_Pine
104888,3126,68,25,127,53,5053,236,183,64,1530,Spruce_Fir
41919,3470,233,14,182,95,3195,196,252,191,1761,Spruce_Fir
77673,2944,2,15,201,69,5497,197,209,148,983,Lodgepole_Pine
60737,2976,163,17,212,2,4817,234,242,133,618,Lodgepole_Pine
41775,3236,64,14,30,-1,4080,232,211,108,3410,Krummholz
19796,3369,16,10,272,1,1321,212,220,145,3680,Cottonwood_Willow
9438,2703,192,10,124,23,1413,219,248,162,3655,Lodgepole_Pine
2512,3080,15,13,592,221,1599,208,212,139,3378,Spruce_Fir
18707,2949,50,24,170,43,4560,222,180,79,4713,Spruce_Fir
107468,2532,52,3,150,24,940,221,233,149,849,Lodgepole_Pine
103098,2679,23,4,437,85,1065,218,231,151,1249,Ponderosa_Pine
592,3168,70,20,371,92,2995,237,196,80,908,Spruce_Fir
65402,3251,214,7,534,-79,698,213,247,170,3260,Lodgepole_Pine
70317,3228,151,18,509,126,404,240,237,120,4362,Lodgepole_Pine
56488,2783,90,9,0,0,1421,234,226,123,2263,Lodgepole_Pine
58329,3310,223,20,391,89,1879,191,254,195,3416,Spruce_Fir
43474,2181,3,31,85,36,713,162,165,127,1604,Ponderosa_Pine
24083,2930,10,12,42,1,752,207,216,145,1930,Spruce_Fir
5998,3205,23,7,626,92,3404,216,225,145,3576,Spruce_Fir
57895,2810,36,13,721,121,450,219,211,126,1124,Lodgepole_Pine
64933,3127,313,29,242,106,2890,129,204,208,2713,Spruce_Fir
105568,3250,249,26,120,29,2192,153,247,224,3127,Spruce_Fir
27087,2942,47,8,242,26,4763,223,223,135,4086,Ponderosa_Pine
70411,3143,108,23,285,107,3013,252,206,70,2873,Spruce_Fir
10036,2594,349,27,85,29,1809,159,183,155,1366,Lodgepole_Pine
52432,2590,135,9,30,-1,1575,235,236,133,1064,Lodgepole_Pine
27708,3311,95,22,631,31,924,249,202,70,5580,Spruce_Fir
67260,3008,172,19,216,5,2305,229,245,139,3154,Lodgepole_Pine
47634,2302,61,35,272,12,636,224,146,26,552,Ponderosa_Pine
58896,2880,140,11,319,32,3586,237,237,129,1584,Lodgepole_Pine
62588,2975,324,6,360,23,4302,205,233,168,5417,Lodgepole_Pine
42994,3625,125,25,914,370,2649,252,213,73,1024,Spruce_Fir
244,3083,295,4,780,123,902,209,238,169,949,Lodgepole_Pine
51891,3333,69,9,362,109,3022,230,222,125,3249,Krummholz
60044,2991,321,20,361,137,5998,164,216,189,4818,Lodgepole_Pine
11549,2981,246,16,90,13,3245,185,251,202,1328,Spruce_Fir
85412,3222,209,23,914,131,4050,197,254,183,1022,Lodgepole_Pine
65839,2939,149,19,258,46,5277,241,235,116,4556,Lodgepole_Pine
107457,2752,90,6,270,19,2527,229,231,136,5713,Lodgepole_Pine
6783,3268,9,5,124,17,854,215,230,153,2230,Spruce_Fir
91558,2253,329,22,85,20,1460,162,208,182,390,Douglas_fir
3338,2796,119,19,108,16,2207,249,220,92,1429,Aspen
15757,3238,61,15,0,0,1708,231,208,106,2885,Spruce_Fir
90365,2603,121,19,633,195,618,249,221,91,1325,Ponderosa_Pine
61164,2991,254,14,552,85,5712,188,248,198,5063,Krummholz
30511,3376,97,8,633,105,2174,233,229,129,2713,Spruce_Fir
16591,2676,1,39,175,-36,1794,137,139,117,4381,Lodgepole_Pine
97198,3200,163,27,95,41,1589,233,236,115,524,Krummholz
80328,2040,356,25,379,57,469,172,188,147,335,Ponderosa_Pine
29546,2839,202,29,481,-97,3453,193,250,175,1531,Lodgepole_Pine
17691,2699,304,36,190,121,1634,101,197,223,1290,Krummholz
98719,3076,6,13,484,25,4714,203,214,147,511,Lodgepole_Pine
57883,3371,24,9,577,132,3090,215,220,141,2400,Krummholz
84496,2964,46,34,255,96,1771,208,147,49,2640,Spruce_Fir
39276,3228,282,14,247,30,886,181,240,199,1357,Lodgepole_Pine
4280,2745,197,25,201,115,2290,204,252,169,618,Lodgepole_Pine
98695,2335,350,25,258,174,849,167,191,156,573,Ponderosa_Pine
50576,3237,205,17,402,102,743,207,253,176,4801,Lodgepole_Pine
65459,3399,343,13,926,149,1182,194,220,165,1919,Krummholz
19703,2776,83,8,150,20,1932,232,226,127,1765,Lodgepole_Pine
9168,3431,279,21,404,73,750,158,237,217,1173,Krummholz
55915,2928,240,9,108,9,4476,203,248,182,4158,Lodgepole_Pine
45595,3066,126,4,108,5,1578,227,237,145,612,Spruce_Fir
41694,3083,86,11,108,16,2075,236,221,115,3437,Spruce_Fir
24665,2036,113,6,0,0,644,231,234,136,661,Ponderosa_Pine
106740,3165,219,12,350,38,362,206,251,180,2796,Spruce_Fir
20828,3011,101,4,594,171,5222,226,234,144,5286,Lodgepole_Pine
9027,3094,82,65,42,3,3001,193,0,0,1315,Lodgepole_Pine
26734,2583,129,23,124,70,1240,250,219,84,446,Ponderosa_Pine
28814,2955,1,9,509,175,600,207,223,153,1355,Spruce_Fir
87484,3255,198,9,120,27,1302,218,248,165,940,Spruce_Fir
35719,3143,62,17,847,287,859,232,203,98,1579,Lodgepole_Pine
108720,2895,54,11,242,-32,598,226,217,123,1989,Lodgepole_Pine
93689,3418,329,6,480,-26,4794,207,233,165,4191,Krummholz
38547,3278,82,31,150,-28,2413,244,169,0,4171,Spruce_Fir
79786,3023,345,7,420,39,4195,207,230,161,1535,Lodgepole_Pine
10121,2635,114,23,228,-14,1230,252,210,72,421,Lodgepole_Pine
103640,2745,58,14,30,5,1358,230,209,109,2099,Lodgepole_Pine
4284,3169,135,10,216,29,700,236,236,130,2312,Spruce_Fir
70644,3376,196,16,404,84,4400,214,252,167,2905,Spruce_Fir
50740,3272,185,21,134,18,1116,219,249,154,1057,Spruce_Fir
63762,3078,146,11,190,16,3786,235,239,134,649,Lodgepole_Pine
59856,2619,122,14,150,10,793,242,229,113,1734,Lodgepole_Pine
79619,2302,342,32,301,177,990,140,176,164,1260,Ponderosa_Pine
37594,3175,21,7,300,39,2980,215,224,146,1167,Lodgepole_Pine
32056,2748,143,29,60,20,3384,246,220,81,1560,Lodgepole_Pine
76268,3447,219,12,633,112,2708,206,252,180,1471,Spruce_Fir
87145,2981,203,28,417,165,1362,194,251,176,192,Lodgepole_Pine
80265,2907,105,20,474,111,1060,249,212,82,642,Lodgepole_Pine
30148,3300,29,14,721,22,3132,214,208,127,849,Spruce_Fir
43988,3316,234,22,67,0,1994,177,253,207,3752,Spruce_Fir
14649,3014,27,14,60,-9,3586,213,209,129,2683,Spruce_Fir
17728,2606,94,17,201,-2,1873,244,213,93,2041,Douglas_fir
92679,2977,274,15,297,97,990,180,243,202,992,Lodgepole_Pine
92695,2869,261,25,295,-12,2728,151,243,226,242,Spruce_Fir
12513,2448,342,15,134,50,516,187,216,166,1027,Lodgepole_Pine
93722,3012,112,3,335,35,1409,224,236,148,1560,Spruce_Fir
13472,2589,94,15,458,63,1008,242,217,101,3756,Lodgepole_Pine
109641,2924,230,34,706,-12,3870,149,247,216,1368,Lodgepole_Pine
107645,2965,21,15,162,36,4468,208,206,131,1836,Lodgepole_Pine
5871,3118,39,12,313,54,5058,220,213,126,2885,Spruce_Fir
106584,3060,348,21,870,34,983,175,200,160,1461,Spruce_Fir
36478,3252,295,34,127,-25,3218,106,207,231,2143,Spruce_Fir
24628,3085,124,11,350,22,569,238,232,124,1431,Lodgepole_Pine
77359,2675,103,23,90,32,1207,251,203,66,1048,Lodgepole_Pine
28351,2552,140,31,295,-27,426,248,214,70,1150,Ponderosa_Pine
88734,3036,32,10,30,3,3499,218,218,134,658,Spruce_Fir
723,2359,275,14,150,69,778,182,243,200,592,Ponderosa_Pine
78813,3225,177,12,201,18,4286,226,247,151,2270,Spruce_Fir
100786,3034,349,12,404,62,5448,197,219,160,3849,Spruce_Fir
64324,2661,73,12,67,13,1806,234,217,113,242,Lodgepole_Pine
41721,3141,353,15,390,-33,1290,192,212,156,1172,Spruce_Fir
14977,2923,77,31,301,149,4266,241,167,33,731,Lodgepole_Pine
68752,2359,57,8,30,3,551,226,223,132,828,Cottonwood_Willow
36827,2673,21,30,67,33,1332,186,163,99,1140,Cottonwood_Willow
84470,3034,100,12,124,16,6398,240,223,111,3087,Lodgepole_Pine
45051,3048,305,19,150,27,2925,164,226,201,2525,Spruce_Fir
13090,2555,3,60,190,135,684,67,53,65,1470,Lodgepole_Pine
14363,2822,139,14,60,6,3186,240,235,122,2670,Lodgepole_Pine
53083,2384,143,18,297,59,323,243,233,111,825,Ponderosa_Pine
62235,3131,8,16,551,33,1852,200,207,142,3398,Spruce_Fir
79030,3019,76,28,228,98,2166,241,174,44,2659,Spruce_Fir
93628,3049,76,7,258,80,860,229,227,131,764,Spruce_Fir
13794,2789,126,28,190,118,1543,253,208,63,1574,Lodgepole_Pine
72086,3259,333,7,285,24,4227,203,230,166,1080,Spruce_Fir
15913,2982,158,11,722,73,6079,232,242,140,5594,Lodgepole_Pine
62473,3068,83,11,30,-2,408,235,221,116,666,Lodgepole_Pine
68683,2406,286,30,324,190,631,122,222,232,1677,Ponderosa_Pine
50882,3048,248,21,67,17,2522,172,250,213,1465,Lodgepole_Pine
95553,2965,326,5,531,161,4808,206,234,166,5114,Lodgepole_Pine
16615,2962,73,15,700,164,2914,236,210,102,566,Lodgepole_Pine
62079,2980,343,16,108,23,4744,185,213,166,1103,Lodgepole_Pine
94508,3198,292,19,240,70,1290,164,233,208,2195,Spruce_Fir
100306,3202,104,11,210,42,1201,239,226,117,1657,Spruce_Fir
57213,2769,180,25,402,161,1694,220,245,143,1441,Lodgepole_Pine
49080,3057,102,10,201,13,3445,238,226,119,2847,Spruce_Fir
104125,2905,165,28,577,239,2263,232,236,116,1879,Krummholz
94535,2971,286,10,722,-63,1465,193,240,186,1879,Lodgepole_Pine
67619,2972,108,25,270,105,6125,253,201,60,4156,Lodgepole_Pine
70129,3001,12,12,450,29,5415,208,216,144,6505,Spruce_Fir
67729,3077,320,4,170,18,95,210,236,164,1824,Spruce_Fir
61220,3200,267,20,272,87,242,166,244,215,633,Spruce_Fir
32099,3007,220,20,524,191,1383,192,254,193,283,Lodgepole_Pine
86587,2976,312,12,42,11,4351,186,231,184,268,Spruce_Fir
18255,2893,63,7,85,7,1930,226,226,134,2305,Spruce_Fir
87135,2801,106,17,216,40,2106,247,216,92,3031,Spruce_Fir
2919,2082,59,28,481,121,607,228,170,58,218,Ponderosa_Pine
93289,3223,6,18,366,86,1114,195,203,142,5131,Spruce_Fir
69667,3381,351,18,488,49,3851,186,207,158,3461,Krummholz
22809,3511,105,31,424,114,2430,254,185,34,3636,Krummholz
76752,2948,11,28,150,89,457,180,173,118,2981,Lodgepole_Pine
69303,3256,279,12,234,36,3546,186,242,195,1761,Spruce_Fir
58641,2959,66,20,285,56,4447,235,197,85,4898,Spruce_Fir
59687,2815,313,10,124,3,3210,193,233,179,2770,Lodgepole_Pine
4964,2608,29,6,30,-1,603,218,227,145,1398,Lodgepole_Pine
108628,3133,34,3,124,-1,4047,219,232,149,1641,Lodgepole_Pine
39152,2977,49,10,808,82,1317,224,218,127,1826,Lodgepole_Pine
30830,2132,131,30,402,175,446,251,209,62,390,Ponderosa_Pine
72716,3059,80,10,1142,261,3157,234,223,120,1050,Lodgepole_Pine
54203,2865,354,16,573,78,3212,192,211,155,1423,Lodgepole_Pine
10756,3134,142,13,60,-5,2402,238,237,126,1426,Spruce_Fir
19016,3180,22,33,210,99,4045,181,153,90,875,Spruce_Fir
35788,2868,105,14,390,171,882,243,222,105,993,Lodgepole_Pine
14484,3132,323,5,90,9,4759,208,235,166,2670,Lodgepole_Pine
98642,2946,138,6,60,-1,2133,230,238,142,1723,Lodgepole_Pine
23506,2641,57,8,309,66,1062,226,223,131,949,Lodgepole_Pine
100266,3101,19,19,960,232,2707,202,195,124,1956,Lodgepole_Pine
37389,2795,124,7,351,22,2130,233,235,135,2440,Lodgepole_Pine
68395,2951,162,4,153,1,2081,223,240,152,1820,Lodgepole_Pine
59923,2463,88,12,514,107,671,238,220,112,1061,Douglas_fir
77301,3063,348,25,577,210,582,164,190,158,1664,Spruce_Fir
49305,2682,98,13,365,-45,1307,241,222,109,3810,Lodgepole_Pine
48005,2384,307,21,124,31,1215,156,222,203,664,Douglas_fir
23352,3266,135,7,767,118,6164,231,237,139,1620,Spruce_Fir
17565,2875,13,26,503,62,3376,186,178,119,2486,Spruce_Fir
8759,3288,180,13,212,27,3417,224,248,153,1376,Lodgepole_Pine
34236,3075,40,17,540,-30,2077,219,199,110,1559,Lodgepole_Pine
1011,2704,14,16,90,16,2271,203,205,136,2115,Lodgepole_Pine
45963,2352,237,26,175,72,541,164,251,215,1839,Ponderosa_Pine
55459,2926,124,5,511,-5,4723,229,236,140,3174,Lodgepole_Pine
8290,3233,342,17,201,56,1442,183,213,167,2592,Spruce_Fir
90589,3124,344,7,85,10,4720,206,229,162,2698,Lodgepole_Pine
23038,3253,40,8,446,55,1050,221,223,137,1556,Spruce_Fir
81128,3348,159,8,150,-18,2980,229,242,145,564,Spruce_Fir
54610,2449,264,21,272,-13,150,162,244,218,541,Ponderosa_Pine
81748,2152,16,17,234,31,474,203,202,132,769,Ponderosa_Pine
94576,3010,210,17,1100,162,3034,205,254,180,1296,Lodgepole_Pine
106670,3146,25,17,108,13,1660,209,201,124,1827,Spruce_Fir
60697,2970,177,23,285,123,5377,225,246,141,564,Lodgepole_Pine
8366,2801,135,7,297,115,3393,231,237,138,5910,Lodgepole_Pine
46985,2822,100,17,323,91,2424,246,215,93,745,Lodgepole_Pine
110118,2594,177,19,30,10,1615,225,247,146,2742,Ponderosa_Pine
58195,3021,220,11,534,95,5678,208,250,178,3144,Lodgepole_Pine
60694,3028,39,3,30,0,1301,220,232,149,2662,Spruce_Fir
5380,3194,326,30,192,49,430,133,192,191,2420,Spruce_Fir
42771,3367,193,16,182,22,2312,216,251,164,3481,Spruce_Fir
40387,3284,328,8,108,21,6307,202,231,169,120,Spruce_Fir
38506,3112,253,25,180,39,2532,155,247,224,1463,Lodgepole_Pine
95172,2871,273,19,309,72,912,167,242,213,1895,Spruce_Fir
16800,3020,8,10,981,222,2839,208,220,149,1095,Lodgepole_Pine
9210,2856,342,26,108,43,872,158,191,166,1418,Lodgepole_Pine
28619,3336,183,12,108,11,4448,223,248,156,3260,Spruce_Fir
13807,3352,358,5,685,131,2063,211,230,156,2601,Lodgepole_Pine
41548,2944,321,16,127,38,3589,179,223,184,1471,Lodgepole_Pine
28866,2909,325,14,421,54,3824,185,224,179,5434,Lodgepole_Pine
24852,3069,19,26,420,43,842,191,175,110,1320,Spruce_Fir
19264,3440,88,12,691,207,2242,238,220,110,1465,Krummholz
57088,3184,179,27,481,-48,2045,219,244,139,1226,Lodgepole_Pine
40044,2595,40,11,0,0,750,221,216,128,1541,Spruce_Fir
11483,2185,320,27,170,96,785,141,203,196,953,Douglas_fir
106668,3270,70,18,484,104,949,236,202,90,1839,Spruce_Fir
13324,2590,39,10,420,21,1290,221,218,131,4127,Douglas_fir
58142,3258,61,2,579,110,825,221,234,149,1986,Lodgepole_Pine
38978,3037,90,21,365,-50,641,246,203,76,1672,Lodgepole_Pine
39048,3346,311,22,722,158,874,156,219,201,408,Spruce_Fir
110156,2386,111,22,150,45,430,251,211,77,870,Ponderosa_Pine
93206,2512,151,15,30,8,1348,238,239,126,1239,Ponderosa_Pine
51923,2334,300,29,268,4,576,127,214,220,618,Ponderosa_Pine
47680,3226,84,10,42,6,1809,234,224,121,1922,Spruce_Fir
37813,2830,167,12,30,3,1209,230,244,144,2490,Spruce_Fir
80428,2575,182,22,60,-16,1667,221,248,149,1471,Lodgepole_Pine
23835,2950,334,18,108,4,2733,177,214,174,577,Spruce_Fir
1379,2920,352,20,636,226,2750,180,201,156,1867,Lodgepole_Pine
64685,2678,23,7,300,21,331,216,225,145,768,Cottonwood_Willow
17159,2790,105,22,446,157,2483,250,207,74,2076,Ponderosa_Pine
47164,3324,61,32,90,44,3907,227,158,40,1734,Spruce_Fir
9032,2814,77,4,300,92,3223,226,231,141,6222,Spruce_Fir
105686,3220,273,29,85,21,2295,132,233,234,2974,Spruce_Fir
60378,3020,328,9,42,3,1226,198,230,171,1450,Lodgepole_Pine
8441,2884,263,15,485,238,1222,181,246,203,1822,Lodgepole_Pine
9753,2905,64,13,524,154,1358,232,213,111,1565,Lodgepole_Pine
58993,2577,310,16,150,34,664,175,228,192,1899,Lodgepole_Pine
77106,2608,237,23,0,0,2542,174,252,210,1931,Lodgepole_Pine
16992,1982,318,43,127,99,108,78,163,204,201,Ponderosa_Pine
76643,3362,299,14,845,230,4022,179,234,195,2393,Lodgepole_Pine
60184,2986,155,27,210,49,3404,239,231,103,1158,Lodgepole_Pine
43339,3156,266,12,721,235,3205,189,245,196,2455,Spruce_Fir
109281,2870,69,33,90,-29,342,233,156,28,2290,Lodgepole_Pine
72499,3178,319,4,60,4,582,208,235,166,1095,Spruce_Fir
36118,3373,100,15,553,139,1862,244,218,100,1968,Spruce_Fir
50432,2980,143,34,664,152,4386,245,210,63,1594,Lodgepole_Pine
16765,2995,299,7,716,-125,1666,200,237,177,2123,Lodgepole_Pine
35530,3431,288,31,108,17,3104,120,220,232,1995,Spruce_Fir
66000,3072,57,15,180,25,4417,229,208,109,2471,Lodgepole_Pine
66098,3256,17,9,190,31,3153,213,221,145,2131,Spruce_Fir
7290,3012,15,8,467,5,2937,213,223,147,210,Spruce_Fir
3965,2842,87,28,309,199,324,248,181,43,1984,Aspen
65143,3068,67,21,277,55,4690,236,193,80,402,Lodgepole_Pine
50369,3162,36,18,470,144,4662,216,199,112,2148,Spruce_Fir
102341,3296,74,20,570,11,1485,239,198,81,2155,Spruce_Fir
96296,2334,324,17,30,4,277,175,220,183,297,Douglas_fir
70010,3162,45,6,324,100,4195,222,227,140,751,Krummholz
21609,3289,354,12,216,-15,3744,200,218,156,3946,Spruce_Fir
56395,2955,246,18,228,52,5161,179,251,207,1455,Lodgepole_Pine
12075,2963,219,10,792,168,2768,209,250,176,1215,Lodgepole_Pine
98408,3186,48,28,570,190,700,218,168,67,1950,Krummholz
74946,3314,121,14,698,177,1031,243,228,112,5460,Spruce_Fir
94774,2621,327,5,218,12,977,208,234,165,5702,Lodgepole_Pine
14135,2773,80,48,124,112,134,226,107,0,1298,Aspen
79453,2879,190,11,295,48,2821,220,248,161,2334,Lodgepole_Pine
2427,2587,58,24,150,51,395,229,183,73,1626,Douglas_fir
48472,3306,345,27,408,0,1837,157,186,161,1294,Krummholz
11835,3016,20,6,30,1,5155,216,228,149,2479,Aspen
80050,3784,333,12,949,338,5030,192,225,171,3131,Krummholz
8821,3321,328,14,295,5,5079,185,222,177,3151,Krummholz
61011,2939,249,27,60,23,2672,151,247,226,2287,Lodgepole_Pine
30294,2601,346,14,384,42,541,193,218,163,850,Ponderosa_Pine
52882,3397,222,27,700,274,3290,174,253,202,2780,Spruce_Fir
27079,2926,70,22,150,14,768,237,190,73,752,Spruce_Fir
60698,2515,107,7,108,0,1050,233,232,131,4971,Lodgepole_Pine
40253,3397,37,9,765,207,1172,220,220,135,858,Spruce_Fir
34079,3083,94,12,30,6,3537,238,222,113,2902,Spruce_Fir
36274,3191,143,7,618,59,3207,231,239,141,3630,Spruce_Fir
16737,3136,150,15,192,34,127,238,238,126,4622,Lodgepole_Pine
94961,2648,103,10,395,14,648,237,227,120,1539,Lodgepole_Pine
22161,3285,86,14,190,15,3458,240,216,103,1290,Spruce_Fir
12184,2945,203,13,175,26,5294,213,251,171,3561,Lodgepole_Pine
26999,3189,51,22,443,107,4926,224,186,85,3312,Spruce_Fir
11361,2673,80,13,451,-15,742,237,217,109,1565,Lodgepole_Pine
65452,3216,94,12,210,-29,1632,239,221,110,2489,Spruce_Fir
38120,3149,187,12,499,59,162,221,249,159,2706,Cottonwood_Willow
14009,2903,259,2,162,1,5315,213,240,165,5601,Lodgepole_Pine
97929,3160,236,24,711,69,4116,171,252,211,1015,Lodgepole_Pine
35313,2920,283,37,420,286,1527,96,213,243,1558,Lodgepole_Pine
83467,3168,161,10,247,29,2873,230,243,143,3636,Spruce_Fir
95712,3063,229,30,765,-27,4081,161,250,213,1194,Lodgepole_Pine
109607,3196,219,20,983,-73,4137,193,254,191,1200,Lodgepole_Pine
29052,2940,271,23,800,189,914,153,240,223,2561,Lodgepole_Pine
17418,3309,284,43,255,-53,3273,73,200,246,1965,Spruce_Fir
103654,2176,318,31,382,158,446,124,194,202,300,Ponderosa_Pine
18866,2844,125,23,782,66,2263,251,217,81,1652,Aspen
12163,3236,45,6,382,38,618,222,227,140,1323,Lodgepole_Pine
102156,3236,334,10,684,160,424,197,227,169,1986,Lodgepole_Pine
39143,2940,124,7,67,3,3946,233,235,135,2016,Spruce_Fir
89796,3208,41,18,658,112,1398,219,199,108,2363,Spruce_Fir
1663,3134,165,11,1150,204,3124,230,244,144,1627,Lodgepole_Pine
15890,2922,348,12,660,171,977,197,220,161,2765,Lodgepole_Pine
6562,3115,275,8,417,-5,2340,199,242,182,2510,Lodgepole_Pine
22228,3239,266,9,630,129,1253,197,244,187,2717,Spruce_Fir
38030,3209,295,11,366,25,210,190,237,187,1994,Spruce_Fir
25721,2986,180,26,300,49,3453,219,245,142,1231,Lodgepole_Pine
8899,3138,335,16,484,-8,2769,183,218,173,382,Spruce_Fir
108499,2821,74,6,150,23,3345,228,228,135,6302,Lodgepole_Pine
20304,2719,125,28,85,33,3221,253,208,62,6093,Aspen
11984,2790,350,5,60,2,446,210,231,159,824,Lodgepole_Pine
38984,3202,173,34,330,79,2796,219,233,118,3129,Lodgepole_Pine
88074,2748,92,7,297,32,1590,232,229,129,2065,Lodgepole_Pine
47169,2936,81,17,42,10,1395,241,208,92,1411,Lodgepole_Pine
18640,3428,158,11,666,-24,1380,232,242,140,3967,Spruce_Fir
10374,2954,353,13,603,156,3120,197,217,157,794,Lodgepole_Pine
36559,3149,104,14,474,108,841,243,221,104,1509,Lodgepole_Pine
64796,2727,24,9,228,23,2480,216,222,142,5052,Lodgepole_Pine
56825,3278,259,19,513,-52,537,172,247,211,3239,Spruce_Fir
28500,3026,86,21,426,87,1463,245,199,73,2348,Lodgepole_Pine
88033,2281,107,15,190,41,1383,244,221,102,484,Douglas_fir
27981,2620,204,20,42,12,2061,206,253,175,1298,Lodgepole_Pine
89006,2801,338,16,30,10,3997,183,215,170,5312,Lodgepole_Pine
102705,3377,90,2,499,38,1440,222,236,150,2387,Krummholz
5176,2867,22,4,384,58,2297,217,230,150,1994,Lodgepole_Pine
60021,2965,342,14,255,47,1231,190,218,166,3031,Spruce_Fir
47922,2631,328,16,408,-15,1077,181,220,178,1575,Lodgepole_Pine
42978,3116,157,7,90,10,3206,228,241,146,5313,Spruce_Fir
34520,3409,127,5,564,-51,853,229,237,142,598,Krummholz
59497,2962,155,13,324,17,5978,235,241,135,3337,Lodgepole_Pine
54135,3344,208,28,150,60,2145,188,252,184,828,Krummholz
34401,3060,30,4,30,0,3108,218,231,149,1134,Lodgepole_Pine
45152,3244,17,12,959,43,3997,210,214,140,2542,Spruce_Fir
28333,2982,114,5,216,40,3545,228,235,141,1572,Lodgepole_Pine
75037,3242,351,17,990,225,2037,188,209,157,2248,Spruce_Fir
41743,3101,198,15,240,-45,2016,214,252,169,3665,Spruce_Fir
52489,2919,23,23,90,-2,4488,201,185,112,1786,Lodgepole_Pine
106516,3261,122,21,319,103,1624,250,219,88,2706,Spruce_Fir
11495,2939,302,16,95,43,5942,172,230,198,4933,Lodgepole_Pine
55765,3378,106,6,212,39,1722,231,232,135,3193,Douglas_fir
65334,3095,254,19,108,-137,3069,172,249,212,1471,Lodgepole_Pine
328,3175,23,6,391,92,4790,216,227,147,1613,Spruce_Fir
2181,3202,59,6,124,-16,2938,224,228,139,1874,Spruce_Fir
61632,3240,122,14,484,150,426,243,228,110,2848,Spruce_Fir
63042,2755,143,18,60,8,1410,243,234,113,1473,Lodgepole_Pine
65841,2694,239,37,108,9,1533,129,241,230,1172,Lodgepole_Pine
10882,3555,331,21,240,61,1795,167,209,180,2219,Krummholz
4279,2267,125,23,150,79,1253,251,216,79,1045,Cottonwood_Willow
70096,3067,65,9,360,23,3205,229,222,126,457,Spruce_Fir
27116,3067,123,5,297,9,1179,228,236,142,1600,Lodgepole_Pine
59643,2706,22,15,390,72,420,209,207,131,446,Lodgepole_Pine
10085,3270,302,28,514,164,451,131,213,217,993,Spruce_Fir
5186,2706,38,18,85,20,1207,217,198,111,1627,Lodgepole_Pine
15775,3387,174,24,395,158,3889,226,244,135,2865,Spruce_Fir
44183,3194,129,24,361,101,247,251,217,79,3076,Spruce_Fir
12194,3086,18,14,600,162,4133,208,210,137,2418,Lodgepole_Pine
105509,3281,70,9,95,12,4106,230,223,125,912,Spruce_Fir
48882,2820,27,11,90,1,1854,215,217,137,2538,Lodgepole_Pine
17019,3009,43,22,474,185,4514,218,186,93,815,Lodgepole_Pine
46464,2965,60,11,402,65,4657,229,216,119,6292,Lodgepole_Pine
36124,2748,272,32,180,102,1106,120,230,239,1482,Lodgepole_Pine
79850,2940,64,35,402,123,902,227,147,22,726,Lodgepole_Pine
19551,2988,29,18,404,145,1978,211,197,117,2818,Lodgepole_Pine
62758,2952,128,17,95,16,1772,246,227,105,2697,Spruce_Fir
45617,2359,303,23,85,34,1060,151,223,209,1507,Douglas_fir
48248,3180,123,14,890,5,3029,243,228,111,2802,Lodgepole_Pine
97435,2791,336,28,60,33,3704,146,189,175,5753,Spruce_Fir
64115,2716,51,10,295,63,2274,225,219,127,2084,Douglas_fir
19790,3008,121,4,930,82,5497,227,236,144,5933,Lodgepole_Pine
81363,3127,304,21,234,81,272,157,224,205,1862,Spruce_Fir
24469,3021,98,5,212,20,6067,228,233,138,3474,Lodgepole_Pine
30197,2909,63,6,361,46,4034,226,227,135,5715,Lodgepole_Pine
1898,3181,284,8,95,5,3623,198,240,181,1670,Spruce_Fir
43821,2296,145,8,360,34,95,231,239,140,313,Cottonwood_Willow
8973,3321,290,20,391,129,553,159,232,212,547,Spruce_Fir
9097,3011,214,17,268,16,5750,202,254,183,2324,Lodgepole_Pine
101315,2949,188,5,90,7,4298,220,244,159,5254,Lodgepole_Pine
65748,3247,55,11,573,169,516,227,216,121,2852,Lodgepole_Pine
67162,2900,16,11,170,30,4144,211,217,142,6208,Douglas_fir
100040,2814,39,10,350,92,3239,221,218,131,6229,Spruce_Fir
110241,2397,35,18,277,127,834,215,198,113,930,Douglas_fir
24258,3334,342,20,576,183,2652,175,206,167,335,Douglas_fir
52975,2713,7,21,108,19,1573,189,193,136,1271,Aspen
13703,2997,32,22,1087,128,2621,209,186,104,1087,Lodgepole_Pine
65830,3097,82,5,247,20,2341,227,231,138,2171,Cottonwood_Willow
43412,3266,104,22,324,73,1543,251,205,71,1340,Spruce_Fir
10475,3210,304,10,510,63,2516,192,235,183,319,Spruce_Fir
36298,2933,94,19,255,-17,1683,246,208,84,1437,Lodgepole_Pine
107135,2884,182,8,446,132,2110,223,246,156,742,Lodgepole_Pine
35209,3044,264,6,518,133,5261,204,243,178,713,Lodgepole_Pine
75052,2825,212,31,234,124,2646,178,251,190,967,Lodgepole_Pine
27989,2927,72,14,85,15,3814,235,213,106,1800,Lodgepole_Pine
65754,3267,323,7,875,76,3711,201,233,171,2584,Spruce_Fir
34078,2584,30,25,240,66,2310,204,177,98,577,Lodgepole_Pine
14553,3040,177,8,297,44,2293,224,245,154,1316,Lodgepole_Pine
59322,2524,120,14,162,64,1020,243,227,110,1430,Ponderosa_Pine
21578,3008,281,10,780,110,5864,194,241,187,5998,Lodgepole_Pine
16740,2841,219,9,60,9,700,210,249,175,571,Spruce_Fir
97312,3056,192,12,379,67,1774,219,250,163,3711,Spruce_Fir
108972,2963,233,12,30,-1,1521,200,251,187,541,Lodgepole_Pine
25256,3018,340,8,210,33,2943,204,229,164,6118,Spruce_Fir
27052,3099,307,7,443,104,2721,201,236,175,1753,Lodgepole_Pine
19164,3163,3,24,566,53,1113,181,188,138,1624,Spruce_Fir
60428,2495,64,14,108,22,480,232,210,107,1458,Ponderosa_Pine
18517,3543,209,8,242,109,2774,214,248,169,2126,Spruce_Fir
49600,3062,30,22,382,18,2486,207,186,107,2846,Lodgepole_Pine
81476,2343,46,15,474,198,1207,223,205,111,532,Douglas_fir
42169,3104,310,17,595,64,5245,171,226,194,789,Lodgepole_Pine
2834,2890,103,8,60,7,5408,234,230,127,4163,Lodgepole_Pine
87686,2575,180,7,201,47,874,223,244,156,1329,Ponderosa_Pine
108593,3178,58,10,485,50,4513,228,218,123,2240,Lodgepole_Pine
88170,3223,347,20,376,57,693,178,203,161,1890,Spruce_Fir
95499,2752,101,4,42,2,2069,226,234,144,2905,Lodgepole_Pine
29896,3185,111,13,201,17,3114,242,225,110,5130,Spruce_Fir
92853,2583,35,16,182,33,127,217,204,118,1114,Lodgepole_Pine
51864,3271,18,8,60,12,3331,214,223,145,2003,Spruce_Fir
59028,3041,305,4,309,19,2254,209,237,167,1276,Spruce_Fir
58055,3293,130,19,691,177,2708,247,226,99,2605,Spruce_Fir
97020,2277,45,36,360,205,594,204,139,42,297,Ponderosa_Pine
62304,2974,77,23,180,-23,875,242,191,67,875,Spruce_Fir
85610,3037,72,5,480,3,6494,226,230,138,3421,Lodgepole_Pine
95213,2904,248,11,0,0,4123,196,248,190,569,Lodgepole_Pine
21148,3151,133,20,297,59,212,247,226,98,4025,Lodgepole_Pine
95221,2749,68,8,509,-16,785,228,225,130,2681,Lodgepole_Pine
31869,3347,109,33,60,44,1831,254,182,27,764,Krummholz
16410,3073,19,12,636,157,4497,211,214,138,3606,Spruce_Fir
64600,3011,6,9,495,92,5005,210,223,151,5974,Lodgepole_Pine
11620,2837,60,18,551,149,564,231,199,94,2518,Lodgepole_Pine
18889,2751,144,24,85,34,1356,245,227,96,1466,Lodgepole_Pine
39570,2834,256,22,376,194,1008,164,247,218,1748,Lodgepole_Pine
48903,2884,256,33,767,501,841,126,238,238,2096,Lodgepole_Pine
7710,2112,322,33,95,46,488,120,187,197,752,Douglas_fir
53619,3198,298,7,120,19,469,200,238,177,1020,Spruce_Fir
53446,2864,107,24,120,57,124,252,205,67,1012,Lodgepole_Pine
71216,3203,330,9,175,19,469,199,229,170,1358,Spruce_Fir
106055,3267,207,6,900,127,2200,216,246,166,2120,Spruce_Fir
89063,3130,298,13,324,0,3388,185,235,191,765,Lodgepole_Pine
54561,2407,86,17,67,20,953,242,209,91,1295,Ponderosa_Pine
26556,3129,273,22,630,200,5881,158,240,219,1436,Lodgepole_Pine
109056,3260,304,7,150,20,4745,201,237,175,967,Lodgepole_Pine
664,2056,341,16,162,58,404,184,214,168,604,Douglas_fir
13447,2514,61,26,323,147,661,231,177,63,812,Ponderosa_Pine
5964,2799,140,24,277,196,1358,247,225,91,1006,Lodgepole_Pine
35229,2797,355,25,361,174,1032,169,186,147,912,Lodgepole_Pine
13037,3152,54,8,95,9,1358,225,222,130,4712,Spruce_Fir
63790,3128,49,30,371,207,1998,216,161,59,2758,Spruce_Fir
108206,2684,337,11,60,8,2242,196,225,168,4604,Lodgepole_Pine
10797,2875,306,4,255,80,3211,208,237,168,553,Lodgepole_Pine
76118,3284,47,18,891,168,1687,223,198,103,2873,Spruce_Fir
26683,3195,81,6,765,59,1209,228,230,136,2296,Spruce_Fir
66198,3007,186,17,1090,152,3037,221,250,157,1337,Lodgepole_Pine
46077,2870,69,18,458,65,636,236,201,89,765,Spruce_Fir
57090,3200,232,3,90,4,6043,215,242,164,1406,Lodgepole_Pine
43393,3201,40,19,390,62,4846,218,196,106,3168,Spruce_Fir
105158,3057,72,13,95,14,4862,235,214,109,618,Spruce_Fir
60650,2599,297,16,212,64,242,173,233,200,1560,Lodgepole_Pine
46676,2308,306,29,481,101,272,129,210,214,1678,Ponderosa_Pine
86449,2916,347,14,295,3,5352,191,216,162,2205,Lodgepole_Pine
63863,3150,181,21,484,89,1900,222,248,149,953,Lodgepole_Pine
74633,2182,342,33,134,57,1172,133,170,163,1082,Ponderosa_Pine
79856,3094,84,36,510,-10,750,243,154,8,1772,Spruce_Fir
87399,2916,100,7,192,12,4183,231,231,133,3824,Lodgepole_Pine
103524,3072,285,14,618,156,3207,181,239,198,2006,Aspen
28445,3327,272,22,1172,406,3628,158,241,219,2588,Lodgepole_Pine
21627,2978,27,8,845,180,2845,217,222,141,685,Lodgepole_Pine
70015,2214,224,27,212,137,342,173,253,205,618,Ponderosa_Pine
62996,2962,7,11,350,43,4632,207,218,148,6186,Aspen
86315,2591,18,16,201,46,755,206,204,132,514,Lodgepole_Pine
42022,3143,41,4,60,4,560,220,230,146,2442,Lodgepole_Pine
9197,3208,33,5,30,1,5165,219,229,147,641,Spruce_Fir
4697,2877,40,15,258,30,3541,220,205,116,5315,Lodgepole_Pine
28540,2469,338,13,60,13,1123,191,221,169,799,Lodgepole_Pine
10915,2960,11,16,741,188,774,201,205,139,1266,Spruce_Fir
91756,2844,323,9,216,41,2185,196,230,174,2040,Lodgepole_Pine
82264,3148,127,12,153,14,752,240,232,120,2307,Spruce_Fir
77720,2959,351,12,85,4,3331,198,219,159,2062,Spruce_Fir
13363,2798,304,18,108,40,1765,169,228,199,2844,Lodgepole_Pine
32913,2740,7,14,30,6,2502,202,212,145,551,Lodgepole_Pine
44250,3247,313,31,234,62,2148,122,199,209,3107,Spruce_Fir
102522,3035,21,10,335,57,2308,214,219,141,2125,Spruce_Fir
57868,2832,45,9,212,34,1976,223,221,133,1800,Lodgepole_Pine
51169,3150,330,5,330,56,2394,207,233,165,866,Spruce_Fir
53269,3029,107,32,212,73,691,254,183,29,2785,Spruce_Fir
100847,2570,81,10,484,17,1110,233,223,121,3987,Lodgepole_Pine
46321,2988,146,5,408,23,4953,227,239,146,5504,Lodgepole_Pine
58453,3036,45,18,162,37,636,222,197,103,1822,Spruce_Fir
23401,2932,299,32,258,108,1180,115,209,225,1289,Spruce_Fir
19761,2966,315,3,175,11,5465,212,237,163,2215,Spruce_Fir
85229,3444,313,32,60,30,3037,121,198,209,2037,Spruce_Fir
32221,2985,240,5,67,11,1518,210,244,172,1739,Lodgepole_Pine
8602,3103,24,32,150,27,1209,185,156,90,902,Spruce_Fir
8185,2968,330,5,67,6,4868,207,233,165,5947,Lodgepole_Pine
35757,3485,8,24,418,51,2571,184,184,130,2330,Spruce_Fir
7,3001,28,15,446,3,4365,213,207,127,3017,Lodgepole_Pine
1513,3042,67,14,95,8,4797,233,211,107,2040,Lodgepole_Pine
29429,3186,55,38,127,88,3975,214,135,0,1006,Spruce_Fir
20066,3706,0,6,1189,260,5263,212,229,155,3577,Krummholz
30708,2898,110,17,306,88,306,246,220,97,1299,Spruce_Fir
65991,3165,136,14,255,75,201,240,234,120,2725,Spruce_Fir
97146,2573,338,12,170,3,2466,194,223,168,2543,Lodgepole_Pine
91362,3005,109,15,60,0,2456,245,222,102,1591,Lodgepole_Pine
12510,2942,23,21,525,-24,725,203,191,117,421,Spruce_Fir
47524,2843,10,20,134,37,2525,193,194,133,984,Lodgepole_Pine
99877,2946,48,22,124,15,4497,223,188,89,1189,Lodgepole_Pine
32810,3057,62,8,503,23,6416,227,223,130,3276,Lodgepole_Pine
9735,3169,298,14,67,15,4482,181,235,193,3515,Spruce_Fir
58348,2959,275,21,942,582,1015,159,240,218,2037,Lodgepole_Pine
80414,3181,326,24,607,105,395,154,205,187,1816,Lodgepole_Pine
14976,2975,2,27,612,-50,646,173,179,135,1159,Spruce_Fir
441,1996,34,33,42,22,153,195,149,68,513,Ponderosa_Pine
70553,3286,298,13,319,189,4161,185,235,191,1158,Lodgepole_Pine
12136,2792,32,27,0,0,4206,202,170,90,5302,Lodgepole_Pine
24758,2810,211,12,124,10,2096,210,251,175,2188,Lodgepole_Pine
45324,2673,103,4,85,-3,1260,227,234,141,1806,Aspen
89629,2842,90,8,201,70,1398,233,227,127,2402,Ponderosa_Pine
24681,3323,117,25,481,286,3952,253,208,67,2614,Spruce_Fir
167,3241,345,15,90,18,3558,190,216,164,4089,Spruce_Fir
58199,2858,174,21,180,75,1020,227,246,140,3006,Aspen
97159,2565,33,11,330,37,577,218,216,133,1298,Ponderosa_Pine
76637,2876,354,11,306,8,700,201,220,157,787,Lodgepole_Pine
37242,3149,131,10,384,95,457,237,235,128,618,Lodgepole_Pine
87371,2946,17,6,313,74,693,215,228,150,1829,Spruce_Fir
90919,3207,331,22,309,52,3931,163,207,180,2098,Spruce_Fir
12523,3104,350,20,895,345,1022,178,201,158,1650,Lodgepole_Pine
96652,2843,135,25,108,34,4265,249,220,82,573,Lodgepole_Pine
73834,2011,74,26,162,2,162,240,180,54,162,Ponderosa_Pine
47412,2939,45,9,30,2,1830,223,220,131,1641,Spruce_Fir
90034,3278,150,26,638,176,531,243,228,98,4447,Lodgepole_Pine
55034,3182,42,13,424,54,1445,222,212,123,1834,Lodgepole_Pine
2788,3196,105,9,258,15,5572,236,229,123,2581,Spruce_Fir
45055,2344,148,7,216,78,636,230,240,142,741,Ponderosa_Pine
11152,3242,45,12,488,22,2899,223,214,123,999,Spruce_Fir
28035,2980,137,20,162,60,1230,246,228,101,3166,Spruce_Fir
5749,2835,14,15,182,40,3339,205,208,137,937,Aspen
2326,2259,26,27,95,-10,511,196,171,98,787,Douglas_fir
14839,2991,80,27,153,30,2982,244,181,49,1155,Spruce_Fir
6135,3118,187,24,95,34,2794,214,249,155,1209,Lodgepole_Pine
54011,3124,284,15,541,-14,2043,176,239,202,573,Spruce_Fir
33145,2959,149,7,339,-5,6164,229,240,143,3167,Lodgepole_Pine
40199,2151,351,26,60,26,918,165,187,154,604,Ponderosa_Pine
7365,2873,67,20,134,18,3628,236,196,84,5747,Lodgepole_Pine
25356,3133,303,29,134,10,3254,128,212,218,2220,Spruce_Fir
5170,2628,17,27,85,45,1593,188,174,112,6745,Lodgepole_Pine
107140,2967,321,15,541,11,1518,182,224,182,1342,Lodgepole_Pine
8799,3108,155,8,430,67,713,230,241,144,1681,Lodgepole_Pine
29999,3437,347,9,964,98,1436,204,226,161,1664,Krummholz
78393,2986,174,7,335,84,1731,224,244,153,2841,Lodgepole_Pine
26352,2092,186,13,120,64,300,222,249,158,573,Ponderosa_Pine
49412,3025,36,17,212,36,579,217,202,115,1765,Spruce_Fir
11197,2896,283,9,90,5,2188,196,241,184,1448,Aspen
9890,2876,68,5,0,0,2230,225,230,139,2613,Lodgepole_Pine
25939,3075,72,3,234,38,1413,223,233,146,2713,Spruce_Fir
107561,2772,197,21,228,61,655,209,252,168,2100,Lodgepole_Pine
42272,3255,107,15,781,139,2340,245,220,100,2477,Spruce_Fir
9093,3272,194,8,67,0,1994,219,247,162,3900,Spruce_Fir
81193,2941,93,21,234,83,5471,248,203,73,793,Lodgepole_Pine
6862,2849,28,10,258,58,2285,216,217,136,2843,Krummholz
3636,3090,40,11,514,18,3596,221,216,128,4621,Lodgepole_Pine
94662,2319,340,14,467,138,1231,190,219,167,1182,Ponderosa_Pine
31941,3229,130,30,242,45,3251,252,206,58,2860,Spruce_Fir
105156,3179,26,11,516,72,5812,215,215,136,967,Spruce_Fir
49475,2698,94,31,90,52,90,251,178,32,2466,Aspen
15639,3369,349,5,42,3,2689,211,232,159,2316,Cottonwood_Willow
57471,3252,177,12,376,45,4105,226,247,151,2077,Spruce_Fir
49409,3185,333,15,390,82,3266,184,220,174,2571,Spruce_Fir
41728,3067,333,11,362,-53,1939,196,226,170,2047,Lodgepole_Pine
44637,3207,245,12,636,87,1317,196,249,190,2236,Lodgepole_Pine
36929,3104,155,13,430,43,1506,235,241,135,666,Lodgepole_Pine
8217,2038,318,11,0,0,618,191,230,179,631,Ponderosa_Pine
88877,2754,124,5,180,24,2504,229,236,140,2223,Ponderosa_Pine
61234,2830,230,29,268,148,1697,161,251,213,1591,Lodgepole_Pine
82089,2885,262,32,339,195,2072,125,236,239,1230,Lodgepole_Pine
13521,2929,57,16,201,29,4602,229,205,104,1689,Lodgepole_Pine
35700,3002,45,10,85,11,2249,223,217,128,4183,Spruce_Fir
157,2580,224,27,342,-23,1405,174,253,203,977,Ponderosa_Pine
1668,2560,81,14,454,57,1110,238,214,104,1482,Lodgepole_Pine
52541,3383,74,46,301,137,2281,223,110,0,674,Krummholz
20415,2929,302,18,108,31,3470,167,229,201,1541,Lodgepole_Pine
48039,3093,237,11,319,43,6025,200,250,187,2136,Lodgepole_Pine
18645,2916,305,21,330,144,3844,158,223,204,960,Lodgepole_Pine
47096,2864,33,10,134,54,150,218,218,135,418,Lodgepole_Pine
47115,2936,319,19,212,-39,1337,168,219,190,532,Lodgepole_Pine
4324,2950,321,25,108,48,1834,148,206,194,2818,Lodgepole_Pine
50076,2583,110,13,30,3,1358,242,225,109,860,Lodgepole_Pine
61859,2977,239,22,474,268,2507,175,252,210,1036,Lodgepole_Pine
29397,2705,117,8,42,1,2103,235,232,129,4126,Lodgepole_Pine
10279,2867,58,22,124,48,2402,230,187,79,2163,Spruce_Fir
54489,2922,222,19,108,32,5023,192,254,193,1245,Lodgepole_Pine
52985,3018,9,11,85,11,3903,207,217,146,2337,Lodgepole_Pine
78431,2985,97,12,362,26,4344,240,222,110,4121,Spruce_Fir
7956,2402,91,24,150,61,930,248,195,63,1045,Ponderosa_Pine
26783,3204,346,15,295,53,2898,191,216,163,641,Spruce_Fir
11854,3108,301,21,108,38,1956,158,226,207,443,Spruce_Fir
72710,3214,147,22,371,109,1080,243,232,106,2108,Spruce_Fir
92291,3192,237,13,85,8,745,197,251,191,1572,Spruce_Fir
74891,2810,35,11,85,6,3323,219,215,130,5408,Lodgepole_Pine
52590,3148,350,12,726,75,1736,198,219,160,2761,Spruce_Fir
21509,3081,148,6,153,-4,3717,228,240,145,1020,Spruce_Fir
100434,2449,152,24,190,70,218,241,232,106,953,Ponderosa_Pine
89993,3459,305,15,731,253,912,178,231,193,1080,Spruce_Fir
46988,2759,135,8,67,0,2096,234,237,134,990,Lodgepole_Pine
5598,3310,141,25,819,-37,1321,247,225,91,2750,Spruce_Fir
53394,2935,104,7,300,22,3799,232,231,131,4584,Lodgepole_Pine
51469,2985,128,8,242,20,5104,234,235,132,5959,Lodgepole_Pine
101829,3323,46,14,67,-3,2993,224,209,116,1797,Krummholz
104933,3123,8,18,150,26,4763,195,200,139,3113,Spruce_Fir
69125,2469,72,23,216,75,684,239,189,70,1082,Douglas_fir
109347,3037,219,10,828,128,5735,209,250,177,3308,Lodgepole_Pine
14227,3248,128,3,324,58,1613,224,237,149,1294,Spruce_Fir
11789,3108,55,25,660,48,1433,226,178,71,2184,Spruce_Fir
27267,3241,20,23,497,27,1655,198,185,116,2110,Spruce_Fir
109625,3010,200,28,920,236,4256,197,250,171,1338,Lodgepole_Pine
28939,2847,94,10,525,75,3494,236,225,119,6137,Lodgepole_Pine
4209,3176,257,11,108,14,5667,195,247,190,2046,Lodgepole_Pine
35183,3280,160,16,362,41,1415,235,242,133,2832,Spruce_Fir
103457,3082,57,22,301,84,4973,229,187,80,2347,Spruce_Fir
73295,3239,27,8,67,6,1924,217,223,142,1429,Lodgepole_Pine
31210,2200,45,30,255,53,696,212,159,62,424,Ponderosa_Pine
11042,3168,212,8,240,36,1074,214,247,170,1805,Spruce_Fir
7135,2754,355,14,30,2,1622,196,214,155,2754,Lodgepole_Pine
109033,2978,221,19,242,101,1608,194,254,191,987,Lodgepole_Pine
70467,3380,189,12,285,45,2970,220,249,160,1852,Spruce_Fir
8085,3126,80,10,390,28,2039,234,223,120,2322,Lodgepole_Pine
5348,3002,34,3,277,21,3894,219,232,149,1777,Lodgepole_Pine
77794,3358,182,6,85,-7,4535,222,244,157,4283,Krummholz
61745,2569,338,5,192,15,1550,209,233,162,1695,Aspen
8751,3016,300,18,190,36,484,167,230,202,1572,Lodgepole_Pine
50039,2736,99,31,216,112,2790,252,182,33,6512,Lodgepole_Pine
14181,3431,170,15,953,82,3371,230,245,143,1144,Krummholz
54275,2113,310,46,270,91,268,59,162,218,90,Ponderosa_Pine
27363,3147,55,14,30,12,1846,228,210,112,2016,Lodgepole_Pine
32361,3034,225,8,830,35,5771,209,248,175,3427,Lodgepole_Pine
26383,3178,273,10,876,-24,1291,192,243,190,1436,Spruce_Fir
11111,3302,0,3,726,265,3651,215,234,156,2125,Spruce_Fir
47475,2098,71,24,180,62,306,238,185,63,474,Spruce_Fir
50754,3281,324,13,120,25,5594,188,226,178,713,Spruce_Fir
44448,3124,169,6,212,10,150,225,243,152,4950,Lodgepole_Pine
8862,2869,192,12,242,48,4277,219,250,163,5099,Lodgepole_Pine
89043,2952,151,5,212,15,4019,226,240,148,2131,Spruce_Fir
55595,2952,258,15,446,46,5742,184,248,201,3523,Lodgepole_Pine
16504,2512,210,12,190,29,990,211,251,174,979,Ponderosa_Pine
107598,2756,114,12,127,25,1566,241,228,115,2173,Lodgepole_Pine
98587,2584,137,24,42,9,845,248,223,89,2131,Lodgepole_Pine
4109,3067,38,21,120,3,2714,215,189,100,1248,Spruce_Fir
76877,3209,31,20,85,9,4224,210,193,112,3359,Krummholz
42483,3104,152,6,42,1,3975,227,240,147,1290,Spruce_Fir
91289,3044,46,19,150,26,4530,222,195,100,2694,Spruce_Fir
6087,2710,29,23,60,31,1158,205,183,104,1948,Spruce_Fir
38228,3268,239,6,816,158,1667,210,245,173,2529,Spruce_Fir
34065,3061,66,6,571,-121,1613,227,227,135,1075,Spruce_Fir
69989,2510,81,35,120,50,1409,242,157,16,953,Ponderosa_Pine
9059,2742,191,24,362,132,1738,212,250,160,1448,Aspen
8062,2772,169,4,42,4,1983,222,241,154,2592,Lodgepole_Pine
82702,3144,176,23,350,39,2542,225,245,139,3397,Lodgepole_Pine
65527,3054,69,14,474,-12,4002,234,210,104,3491,Spruce_Fir
81671,3040,243,2,379,56,3187,215,240,163,671,Aspen
502,3373,168,29,371,214,1741,228,236,118,541,Krummholz
72679,2620,148,4,67,6,738,226,239,148,6036,Lodgepole_Pine
28840,2946,325,6,30,6,1749,206,234,167,470,Lodgepole_Pine
78874,3036,159,15,108,-1,2236,235,242,134,3400,Lodgepole_Pine
3089,2900,280,31,150,79,5183,123,226,235,4758,Spruce_Fir
62949,2259,18,6,0,0,1310,216,227,149,564,Douglas_fir
11900,3164,354,23,360,20,6091,175,192,150,1084,Spruce_Fir
34783,3109,198,28,981,18,4344,198,250,168,1259,Lodgepole_Pine
1212,2893,45,4,342,11,3822,221,231,147,3541,Lodgepole_Pine
9687,3278,176,19,395,96,1252,226,247,145,2496,Lodgepole_Pine
21216,3221,280,23,418,86,417,150,235,222,2469,Lodgepole_Pine
37463,2034,337,37,150,112,170,115,162,170,684,Ponderosa_Pine
89530,2368,256,20,499,143,537,171,248,213,1740,Ponderosa_Pine
17103,3265,49,10,85,13,5754,224,218,127,685,Krummholz
9990,3336,14,4,696,41,849,216,231,153,1368,Krummholz
30456,3110,26,27,212,46,4004,196,171,98,765,Spruce_Fir
27986,2599,218,21,277,71,953,193,254,191,1128,Ponderosa_Pine
81604,2692,352,13,60,14,2147,196,217,158,5157,Lodgepole_Pine
68629,3348,147,19,604,193,1660,242,234,112,1354,Spruce_Fir
97970,3466,345,34,258,73,2753,135,166,156,2353,Spruce_Fir
73482,3755,341,15,953,309,5188,187,216,167,3302,Krummholz
69887,2984,352,39,228,113,272,126,145,137,1974,Spruce_Fir
100074,2824,313,23,277,115,1184,151,215,200,2489,Lodgepole_Pine
98745,3105,126,4,30,-3,630,227,237,145,2006,Spruce_Fir
18594,2838,107,20,42,6,4884,250,212,81,120,Spruce_Fir
109561,2541,286,25,216,80,834,144,230,222,1604,Lodgepole_Pine
3018,2778,8,18,190,38,953,195,200,139,1915,Spruce_Fir
76060,2654,301,31,201,65,953,121,211,222,1080,Lodgepole_Pine
106653,3236,350,16,162,37,270,189,211,159,1382,Spruce_Fir
20080,2983,183,4,350,79,484,221,242,157,1530,Lodgepole_Pine
86989,3097,120,9,255,62,4863,236,232,127,228,Lodgepole_Pine
95670,3386,225,9,458,64,3730,208,249,178,2216,Krummholz
19151,3070,349,9,85,9,3760,204,225,160,362,Spruce_Fir
10132,2874,315,8,600,226,1176,199,234,174,1328,Lodgepole_Pine
108258,3043,220,4,454,76,4414,215,243,165,1683,Lodgepole_Pine
11405,3064,198,2,577,65,2684,218,241,159,2080,Spruce_Fir
74947,2748,304,15,90,37,2295,176,231,195,335,Spruce_Fir
56957,2986,144,17,335,127,5382,241,235,117,875,Lodgepole_Pine
93078,2867,135,13,108,20,3907,240,234,120,6149,Lodgepole_Pine
81207,2936,52,8,60,10,4837,225,223,132,6246,Lodgepole_Pine
77781,3343,61,20,120,0,2431,232,195,87,4183,Spruce_Fir
44305,2715,18,14,270,84,997,208,209,135,1950,Lodgepole_Pine
28857,3358,321,23,95,7,1409,156,212,192,1680,Spruce_Fir
69385,2913,323,31,228,90,2614,126,190,195,691,Lodgepole_Pine
77337,2890,112,23,764,258,2666,252,209,73,1752,Lodgepole_Pine
108498,2923,86,13,67,13,1593,239,217,107,1677,Lodgepole_Pine
51747,3384,160,6,882,203,1182,226,241,149,745,Spruce_Fir
109301,3288,223,11,641,153,644,206,250,180,2402,Lodgepole_Pine
13587,3225,147,17,360,42,2106,240,236,119,1727,Spruce_Fir
33958,2952,302,9,516,32,5348,195,236,181,1992,Lodgepole_Pine
65797,2515,63,6,277,-12,513,226,227,135,713,Lodgepole_Pine
33822,2608,143,21,42,9,1505,244,231,105,5120,Lodgepole_Pine
17987,3480,141,20,240,73,4004,245,230,105,3896,Krummholz
54168,2116,312,35,162,82,488,107,192,213,450,Ponderosa_Pine
12702,2903,249,7,256,41,1940,204,246,179,1140,Lodgepole_Pine
15424,3152,346,19,42,14,3966,180,206,163,3371,Spruce_Fir
13487,2998,131,9,446,96,1832,235,235,131,2947,Douglas_fir
19877,2861,51,25,228,83,4109,223,178,76,977,Lodgepole_Pine
16113,2833,85,23,424,184,437,246,194,66,1714,Aspen
87113,3226,76,4,360,144,2609,225,232,143,1320,Lodgepole_Pine
76204,3242,8,16,382,55,4298,200,206,141,1031,Spruce_Fir
32183,2132,328,15,218,129,277,182,221,179,595,Ponderosa_Pine
75704,3045,301,1,451,100,2808,215,238,161,1505,Spruce_Fir
34526,3392,139,29,242,163,3800,248,216,73,3195,Krummholz
38000,3381,167,13,391,52,976,231,244,143,4222,Lodgepole_Pine
43772,2984,190,21,162,83,2535,216,251,159,1652,Lodgepole_Pine
58419,2958,353,8,234,52,899,207,227,158,2049,Lodgepole_Pine
47158,3427,143,16,361,189,3716,241,235,118,3274,Krummholz
37000,2860,329,23,569,73,1371,158,206,184,1033,Lodgepole_Pine
59588,2809,265,6,552,52,1988,205,243,176,1920,Aspen
79067,2867,53,10,437,35,630,226,218,126,1328,Lodgepole_Pine
100595,2876,10,13,150,46,1557,205,213,143,1082,Lodgepole_Pine
21810,3058,149,14,108,19,484,237,239,128,1290,Spruce_Fir
98633,3089,332,8,190,-8,2177,201,230,168,2314,Spruce_Fir
20249,2916,315,5,270,16,5395,206,235,169,4114,Lodgepole_Pine
14128,2862,150,9,339,26,2343,232,240,139,2094,Aspen
96561,2644,85,8,459,74,845,232,226,126,2563,Lodgepole_Pine
68129,2920,56,17,537,84,1667,229,203,101,2940,Lodgepole_Pine
1949,3170,169,12,319,39,404,229,245,146,4924,Lodgepole_Pine
48141,3336,310,15,492,118,4241,178,229,190,1932,Spruce_Fir
18816,3248,140,8,60,3,5493,233,238,136,725,Lodgepole_Pine
2983,3609,359,11,335,72,1853,204,220,154,1731,Krummholz
82869,2334,52,10,212,47,569,226,218,125,660,Ponderosa_Pine
10080,2634,179,36,150,84,2536,208,233,126,994,Ponderosa_Pine
61099,2968,128,6,362,51,5350,230,236,140,2620,Aspen
104714,3309,337,10,60,7,4273,199,227,167,3948,Krummholz
63407,2241,68,11,60,10,1337,232,218,117,569,Douglas_fir
38304,2299,264,38,153,92,342,100,225,247,1398,Ponderosa_Pine
32718,3004,201,11,469,114,5368,215,250,168,934,Lodgepole_Pine
39849,2510,186,27,60,35,2054,213,246,149,924,Ponderosa_Pine
74869,3311,74,15,541,97,1050,237,211,102,2551,Lodgepole_Pine
18596,2482,234,38,124,67,1670,131,241,224,470,Ponderosa_Pine
21201,2302,48,27,42,18,981,218,171,71,769,Ponderosa_Pine
76730,3408,329,10,564,116,2580,196,228,172,1273,Spruce_Fir
21093,2532,79,31,108,41,1570,242,167,30,973,Ponderosa_Pine
84887,3219,278,19,283,47,4036,164,240,213,1521,Spruce_Fir
36110,2781,36,4,60,2,1650,220,230,147,2457,Lodgepole_Pine
17304,2763,76,32,162,-62,180,240,165,31,2250,Aspen
45854,3179,241,11,360,69,1355,199,249,188,2527,Spruce_Fir
73889,2166,33,34,268,130,469,193,147,67,365,Ponderosa_Pine
65726,2905,15,14,532,110,3049,207,210,138,1294,Lodgepole_Pine
69863,3170,151,35,708,289,1116,239,216,75,2771,Spruce_Fir
37183,2978,199,10,323,69,6076,217,249,166,5136,Lodgepole_Pine
61740,3007,22,5,30,7,957,217,229,149,384,Lodgepole_Pine
67847,3070,235,35,598,133,3830,140,245,223,1176,Lodgepole_Pine
61261,2781,301,6,162,29,2509,204,238,172,858,Lodgepole_Pine
11380,3227,346,7,300,1,5541,207,229,161,1689,Spruce_Fir
31970,2511,12,12,60,18,1053,208,216,144,874,Lodgepole_Pine
92024,3305,201,32,443,129,595,188,248,173,990,Spruce_Fir
27782,2787,117,6,30,0,408,231,234,136,2467,Lodgepole_Pine
82400,2800,54,15,525,-13,872,227,206,108,2521,Lodgepole_Pine
55667,2637,3,16,313,84,571,197,208,146,1134,Ponderosa_Pine
82766,3122,142,28,524,-52,990,247,220,82,1106,Lodgepole_Pine
106703,3348,299,17,841,149,912,170,231,200,882,Spruce_Fir
39813,2346,27,15,488,122,1231,212,206,126,541,Ponderosa_Pine
54672,2695,186,7,0,0,2364,222,246,158,1922,Lodgepole_Pine
94900,2849,224,16,67,12,721,197,253,190,342,Lodgepole_Pine
55520,3057,112,5,242,9,2932,229,234,139,824,Lodgepole_Pine
110329,2359,240,13,60,21,258,195,251,192,631,Douglas_fir
84482,3191,57,15,0,0,1507,229,208,109,797,Krummholz
22688,3116,106,28,808,11,824,254,193,47,1725,Lodgepole_Pine
31809,3057,264,7,571,190,6047,202,244,181,3869,Lodgepole_Pine
14262,3477,309,13,361,37,5159,183,231,188,4230,Krummholz
7657,3074,306,8,0,0,2684,198,236,178,553,Spruce_Fir
6292,3172,213,17,492,102,1965,202,254,183,916,Spruce_Fir
43077,2910,125,19,120,25,3396,248,224,97,2837,Lodgepole_Pine
18910,2572,101,2,162,-9,255,223,236,148,1347,Lodgepole_Pine
29020,2913,41,17,60,6,1680,219,200,110,1333,Lodgepole_Pine
72313,3057,107,14,592,-61,6029,243,223,106,2971,Lodgepole_Pine
11610,3068,192,33,457,131,3680,197,243,155,1146,Lodgepole_Pine
24066,3224,113,16,371,119,1290,246,221,98,2460,Lodgepole_Pine
45087,2381,311,25,339,152,912,145,214,205,175,Ponderosa_Pine
25706,2644,283,33,30,20,2582,114,221,237,6720,Spruce_Fir
69169,2919,346,6,234,29,4350,209,231,160,5882,Lodgepole_Pine
87005,2587,177,21,30,12,1687,225,246,143,1233,Ponderosa_Pine
6414,3366,347,13,371,84,2088,195,218,162,2971,Spruce_Fir
109592,2857,90,20,90,25,1203,246,204,78,2407,Lodgepole_Pine
79771,3113,247,12,547,-35,6124,195,249,191,1490,Spruce_Fir
426,2532,334,11,285,6,644,194,225,170,1144,Lodgepole_Pine
103107,3304,295,15,990,194,1500,175,234,199,2787,Spruce_Fir
91969,3303,311,14,612,152,3104,180,229,188,774,Spruce_Fir
50791,3054,321,12,67,0,2483,188,228,179,764,Spruce_Fir
44523,3196,225,2,400,34,5956,216,241,162,2254,Lodgepole_Pine
89779,1979,33,21,67,19,400,210,188,105,577,Douglas_fir
2616,3187,93,15,636,264,1945,242,215,99,2598,Spruce_Fir
37601,2671,350,4,216,-8,636,212,233,158,1134,Lodgepole_Pine
61387,3021,6,4,240,41,4338,214,231,154,780,Lodgepole_Pine
61066,2898,35,19,134,29,1560,215,195,110,2793,Spruce_Fir
28867,2858,21,18,150,15,1449,205,198,125,949,Lodgepole_Pine
16392,2872,180,28,120,27,1560,218,243,139,2271,Lodgepole_Pine
23785,3292,113,20,258,-40,764,250,215,85,3551,Lodgepole_Pine
34152,3121,334,12,834,350,1230,192,224,171,1224,Spruce_Fir
34875,2834,319,28,258,95,3509,138,202,199,1321,Lodgepole_Pine
100872,3261,234,13,283,7,1782,198,251,189,4081,Spruce_Fir
33756,2952,180,6,268,39,5228,222,244,156,4128,Lodgepole_Pine
100287,3325,95,18,30,-8,3576,245,211,89,2985,Krummholz
1601,2845,152,31,60,6,966,240,223,87,404,Lodgepole_Pine
35775,3281,107,18,417,86,268,247,216,90,659,Spruce_Fir
14623,3143,342,9,242,57,5093,202,227,164,469,Lodgepole_Pine
92747,3394,135,12,67,-6,3046,239,234,123,953,Krummholz
104835,3803,3,16,1040,357,4816,197,208,146,2912,Krummholz
41666,3102,324,13,277,39,216,188,226,178,1702,Spruce_Fir
106754,3436,313,29,937,265,997,130,203,207,752,Spruce_Fir
21336,2297,102,33,127,57,1584,253,178,25,300,Ponderosa_Pine
12475,3051,93,13,660,219,685,240,220,108,1003,Lodgepole_Pine
93762,3082,315,10,390,42,5008,193,232,178,541,Lodgepole_Pine
52064,2736,348,9,60,9,1165,203,225,161,2172,Lodgepole_Pine
90698,3242,202,25,408,9,2118,199,252,174,1107,Lodgepole_Pine
70140,3405,253,15,589,1,1549,185,249,201,3896,Spruce_Fir
28933,3163,171,10,42,8,2605,227,245,149,1062,Spruce_Fir
86306,3061,325,19,201,-16,2561,169,216,185,1315,Spruce_Fir
30286,2909,25,5,382,49,4014,218,229,148,5689,Lodgepole_Pine
41529,2486,143,23,323,111,309,246,227,96,1113,Ponderosa_Pine
54522,2846,66,34,85,38,1350,231,153,28,886,Lodgepole_Pine
39179,3054,60,17,42,4,4287,231,203,100,2730,Spruce_Fir
33888,2652,58,9,270,18,859,227,222,129,1782,Lodgepole_Pine
92628,2946,327,19,255,57,553,170,215,183,1585,Lodgepole_Pine
53640,2719,60,18,30,13,973,231,201,96,1608,Lodgepole_Pine
26431,2956,150,21,424,150,437,242,234,111,1207,Spruce_Fir
69763,3146,133,11,90,4,3365,238,235,126,4270,Spruce_Fir
3460,2402,275,17,85,24,644,171,241,209,552,Douglas_fir
42471,2621,60,13,313,61,342,230,213,114,1199,Lodgepole_Pine
18537,3104,1,33,674,250,685,156,160,127,1565,Lodgepole_Pine
102678,3007,201,4,509,-18,1702,218,243,161,1544,Lodgepole_Pine
39041,2724,12,7,175,48,1283,213,226,150,1983,Lodgepole_Pine
100590,2048,134,28,42,15,618,250,214,71,666,Spruce_Fir
96614,3472,60,25,713,257,2381,230,180,68,1789,Spruce_Fir
38869,2516,190,36,120,51,582,194,239,149,1033,Ponderosa_Pine
41026,3195,129,19,371,-126,382,248,225,97,3884,Lodgepole_Pine
14457,2911,77,20,180,-18,532,241,198,79,2175,Lodgepole_Pine
63395,3037,235,15,469,61,6045,192,252,195,1698,Lodgepole_Pine
107129,2887,39,13,553,132,1445,220,210,122,878,Lodgepole_Pine
63044,3177,194,6,95,6,2844,219,245,161,1183,Spruce_Fir
103611,3255,7,10,124,7,4261,208,221,150,1682,Spruce_Fir
52655,3015,27,4,212,5,2809,218,230,149,1338,Lodgepole_Pine
9914,2627,342,11,492,86,730,198,224,165,2605,Lodgepole_Pine
33810,2943,28,13,212,35,2161,215,212,132,511,Lodgepole_Pine
77451,3132,326,35,430,133,499,116,179,190,1866,Spruce_Fir
104809,3352,4,18,430,163,4137,194,203,144,3776,Krummholz
16172,2932,323,25,446,198,3403,147,204,192,1356,Lodgepole_Pine
6998,3846,346,16,912,70,4474,188,213,163,2534,Spruce_Fir
12634,2299,214,16,300,36,849,204,253,182,713,Ponderosa_Pine
89733,3363,10,12,60,13,4402,206,215,145,4163,Krummholz
7681,3326,146,17,256,29,1273,241,235,117,2915,Spruce_Fir
9022,3115,142,17,85,24,4990,242,234,115,1544,Spruce_Fir
11936,3228,189,14,577,37,6037,220,250,160,3125,Lodgepole_Pine
2529,3125,125,11,180,17,5435,239,232,121,892,Lodgepole_Pine
101979,3399,315,17,924,260,4171,174,224,190,2524,Krummholz
104952,3126,27,18,816,210,4279,210,199,120,3909,Spruce_Fir
29093,3421,324,14,516,78,1736,183,224,180,592,Krummholz
13094,2975,202,7,636,-45,1405,217,246,165,1633,Lodgepole_Pine
90124,3094,306,8,90,5,2124,198,236,178,1159,Spruce_Fir
25108,2467,342,20,234,-8,607,176,207,168,1383,Douglas_fir
38047,3014,45,20,390,105,4436,221,192,97,4496,Spruce_Fir
88492,2978,346,10,541,151,5031,200,223,162,5264,Lodgepole_Pine
10293,3075,101,1,0,0,1878,221,237,152,1959,Spruce_Fir
23640,2554,36,23,85,24,785,211,182,96,1077,Lodgepole_Pine
14711,3261,15,7,30,1,6150,214,226,149,323,Spruce_Fir
17521,2939,142,13,30,6,1124,239,236,124,2329,Lodgepole_Pine
15744,3243,315,4,85,1,5636,209,236,166,750,Spruce_Fir
9393,2667,61,19,150,15,1224,232,197,90,892,Lodgepole_Pine
11335,3138,339,8,384,-47,1148,203,228,164,960,Spruce_Fir
91675,3365,23,5,30,5,2774,217,228,148,2232,Krummholz
19096,3056,270,24,268,137,2567,151,240,224,2719,Lodgepole_Pine
34712,2578,90,6,67,0,902,229,231,136,1443,Douglas_fir
96347,2847,86,31,270,175,1328,247,172,30,900,Aspen
104637,2746,328,12,60,8,1991,192,226,174,684,Aspen
29657,3008,239,18,180,46,3283,185,252,202,1265,Lodgepole_Pine
41574,3201,336,6,706,88,3369,206,231,164,3668,Spruce_Fir
18414,2556,129,16,242,45,660,244,229,108,162,Lodgepole_Pine
85542,2775,9,28,376,-11,3032,176,171,121,2455,Spruce_Fir
17686,3087,23,29,175,25,2568,190,165,97,4242,Spruce_Fir
35676,3386,201,11,600,57,1148,216,250,168,4100,Spruce_Fir
36826,2722,297,29,300,163,1215,126,215,223,845,Douglas_fir
46425,3080,96,7,499,47,190,232,229,129,1406,Lodgepole_Pine
5082,3181,225,3,212,1,4471,216,242,163,1082,Spruce_Fir
68488,3136,132,17,390,161,2138,245,229,107,3750,Spruce_Fir
11002,3044,188,8,595,24,4598,221,247,159,1377,Lodgepole_Pine
18498,3291,126,13,674,64,4425,241,231,117,1894,Krummholz
22873,3052,288,6,335,68,2489,203,239,175,997,Spruce_Fir
101099,3044,345,15,134,31,4776,190,216,164,481,Cottonwood_Willow
71464,2834,282,15,60,9,2589,179,240,201,2385,Spruce_Fir
6059,3184,69,18,660,248,1360,236,201,89,2518,Lodgepole_Pine
40302,2615,354,14,283,52,800,196,214,156,1756,Lodgepole_Pine
5606,3109,202,19,108,9,5320,208,253,174,1392,Spruce_Fir
41894,2894,22,9,335,33,3037,215,221,143,3721,Lodgepole_Pine
77446,3193,267,24,569,96,5984,151,241,225,2559,Lodgepole_Pine
45457,3128,193,9,759,91,1746,219,248,162,680,Lodgepole_Pine
51991,3326,198,14,655,99,3987,215,251,168,2151,Ponderosa_Pine
42990,3087,344,14,323,23,924,192,218,164,1519,Spruce_Fir
109398,2967,22,9,700,177,1060,215,221,143,2506,Lodgepole_Pine
6673,3061,134,13,153,17,3355,241,233,119,626,Ponderosa_Pine
31516,2903,6,15,560,152,1041,201,211,146,2797,Lodgepole_Pine
9163,3519,279,18,295,168,3397,167,239,211,1300,Spruce_Fir
42576,2539,14,8,0,0,1421,213,224,148,1752,Lodgepole_Pine
95603,3134,351,12,391,53,1159,198,219,159,2584,Spruce_Fir
18350,3310,305,11,371,79,4022,189,234,185,1290,Spruce_Fir
104803,3291,350,18,511,166,3734,185,208,159,3661,Krummholz
57957,3208,265,28,853,287,3331,137,239,233,2479,Spruce_Fir
33826,2911,349,8,150,37,1026,206,227,160,2051,Lodgepole_Pine
32513,2803,22,16,212,48,1146,208,205,0,940,Spruce_Fir
34678,3322,113,14,566,141,3992,243,226,109,1142,Spruce_Fir
86069,2969,135,28,42,-1,488,250,215,73,1775,Lodgepole_Pine
11957,3083,110,19,420,28,564,249,215,86,1249,Spruce_Fir
50944,3021,18,9,799,102,5435,213,220,144,5490,Lodgepole_Pine
36691,2916,113,5,524,13,4468,230,234,138,4460,Lodgepole_Pine
75808,2261,6,35,437,104,644,154,149,114,741,Ponderosa_Pine
47336,3106,105,28,258,39,1556,253,193,48,1431,Spruce_Fir
11743,3007,91,21,295,121,5419,247,201,72,1374,Spruce_Fir
59623,2867,212,30,182,21,824,180,251,190,642,Lodgepole_Pine
15902,3081,115,10,60,-8,882,237,231,124,1590,Spruce_Fir
19942,3008,72,2,780,82,5397,222,234,149,6075,Lodgepole_Pine
84149,3032,68,25,67,8,2400,236,181,61,2848,Cottonwood_Willow
50182,3273,39,13,180,8,3632,220,210,122,3503,Krummholz
10209,2435,332,19,60,13,785,171,212,178,1388,Lodgepole_Pine
1024,2887,72,19,430,200,437,238,201,87,1565,Lodgepole_Pine
23357,2356,310,12,30,9,1134,188,232,184,834,Douglas_fir
94741,2912,79,17,30,9,525,240,206,90,1818,Lodgepole_Pine
16373,3404,196,13,636,204,2350,217,250,166,883,Spruce_Fir
7320,3194,18,15,495,118,849,207,207,134,1892,Lodgepole_Pine
75406,3366,127,29,124,58,2040,253,208,61,793,Krummholz
13539,3003,88,18,384,195,1112,244,208,88,997,Lodgepole_Pine
65458,2876,77,13,228,23,2922,236,216,108,2643,Lodgepole_Pine
18396,2776,85,6,42,6,1950,228,230,136,1315,Lodgepole_Pine
47165,2912,123,17,134,30,3144,246,225,101,1956,Lodgepole_Pine
16928,3340,152,21,860,224,2730,241,235,114,2423,Krummholz
58730,3074,109,10,417,3,1611,238,229,121,1410,Spruce_Fir
19898,2732,198,25,277,-3,1074,202,251,170,716,Lodgepole_Pine
89632,2806,21,3,162,15,2376,217,232,152,2242,Lodgepole_Pine
17007,3245,21,18,470,169,882,206,200,127,870,Spruce_Fir
17559,3465,314,14,551,152,1128,183,229,186,1413,Krummholz
22979,3082,92,7,513,40,1691,232,229,129,2372,Lodgepole_Pine
89716,3481,101,17,120,2,1744,246,215,92,1994,Krummholz
22184,3243,75,16,30,10,4595,238,207,95,1190,Spruce_Fir
23098,2936,20,6,277,17,4540,216,228,149,5717,Lodgepole_Pine
22451,3090,54,12,247,50,2942,227,214,118,5677,Spruce_Fir
70084,3303,79,14,268,-18,3187,237,215,106,1878,Krummholz
9378,3214,318,7,658,96,666,202,234,172,738,Lodgepole_Pine
47055,3036,31,16,918,217,1230,214,203,121,2491,Lodgepole_Pine
62984,2924,17,14,541,208,3024,208,209,136,1626,Lodgepole_Pine
95666,2876,234,32,277,177,2223,150,248,220,1057,Lodgepole_Pine
108611,3169,250,21,323,61,5744,171,250,213,3012,Lodgepole_Pine
3231,2736,160,28,270,119,1830,235,233,108,1341,Lodgepole_Pine
66153,3388,282,24,511,30,660,148,234,222,1090,Spruce_Fir
105030,3047,36,15,402,72,5407,218,206,120,3722,Spruce_Fir
25561,2089,284,19,42,10,1273,166,237,210,552,Ponderosa_Pine
31434,2871,350,25,361,155,3062,165,188,155,1667,Lodgepole_Pine
82042,3069,346,10,30,0,3197,201,225,162,5286,Lodgepole_Pine
69627,3168,330,11,713,-6,4024,193,226,172,4002,Spruce_Fir
19591,2169,317,18,30,11,1020,169,221,191,726,Ponderosa_Pine
89595,2937,154,9,268,21,4921,231,241,141,2638,Lodgepole_Pine
100490,3093,17,44,240,16,1201,147,114,71,1565,Lodgepole_Pine
25047,3249,352,10,454,101,930,203,223,158,2089,Lodgepole_Pine
3996,3301,324,13,646,46,3451,188,226,178,3571,Krummholz
59113,3129,17,10,285,48,4966,212,219,144,474,Lodgepole_Pine
1351,2925,97,20,42,-6,309,248,207,80,1194,Spruce_Fir
53024,2993,144,19,778,110,2920,243,233,111,1782,Lodgepole_Pine
67992,2824,257,32,90,43,2308,130,239,237,1706,Douglas_fir
41543,2516,161,27,277,130,301,235,234,110,992,Ponderosa_Pine
52045,2899,80,10,124,8,3523,234,223,120,1777,Lodgepole_Pine
77861,3298,49,25,242,91,1983,222,178,77,2226,Spruce_Fir
13986,3119,163,9,85,10,3453,229,243,146,5066,Spruce_Fir
1272,3275,2,9,630,0,2325,208,224,153,830,Krummholz
106682,3293,313,21,644,94,731,159,219,198,1087,Spruce_Fir
30347,2703,157,25,150,51,2110,238,233,109,2423,Ponderosa_Pine
67518,2707,35,12,30,2,2165,219,214,129,6847,Spruce_Fir
47379,2898,300,7,192,45,3391,202,237,175,2605,Lodgepole_Pine
32114,3182,111,22,85,18,2557,251,210,75,2960,Spruce_Fir
8907,2847,69,3,330,20,849,223,233,145,268,Lodgepole_Pine
58880,2927,71,18,212,38,2072,237,202,89,2239,Spruce_Fir
49013,3143,75,24,330,102,1167,240,188,65,1316,Spruce_Fir
28530,3139,344,17,404,132,2529,183,211,165,2533,Spruce_Fir
108779,2772,210,4,420,45,2010,217,243,163,1307,Lodgepole_Pine
80667,2840,266,31,60,19,5277,129,236,237,4685,Lodgepole_Pine
13523,2853,194,20,391,96,1398,212,252,165,1480,Lodgepole_Pine
17707,2840,335,21,30,9,5645,167,206,175,4629,Lodgepole_Pine
11185,2910,315,3,361,57,2672,210,236,164,2279,Lodgepole_Pine
44734,3043,297,14,60,9,1115,181,235,194,1504,Lodgepole_Pine
59001,3181,27,5,67,3,3482,218,228,147,3254,Spruce_Fir
65829,3157,307,9,361,120,2176,194,235,180,1034,Spruce_Fir
41746,2142,47,34,150,75,210,209,147,47,741,Ponderosa_Pine
35265,3282,18,23,769,186,1233,196,185,118,1777,Krummholz
63080,3015,108,21,234,82,558,250,210,78,2778,Spruce_Fir
104506,2595,133,18,67,18,1421,246,228,104,849,Lodgepole_Pine
92132,2836,304,13,270,-47,1414,185,233,188,1350,Lodgepole_Pine
15806,3040,90,20,162,28,3298,246,204,78,752,Spruce_Fir
33621,2143,165,21,60,18,424,233,241,129,474,Ponderosa_Pine
40896,2713,105,5,480,96,1057,228,234,140,750,Lodgepole_Pine
89815,3385,307,16,872,149,1074,174,229,194,2069,Spruce_Fir
72191,2357,218,11,270,70,1063,208,250,177,1036,Ponderosa_Pine
36347,3171,68,5,67,7,5149,225,230,139,2816,Spruce_Fir
82315,3260,298,13,451,62,966,184,235,191,1550,Lodgepole_Pine
81837,3240,162,9,313,10,4457,229,243,145,914,Lodgepole_Pine
16064,2805,247,32,573,299,999,138,244,231,1719,Lodgepole_Pine
61434,2856,41,26,150,68,1655,213,175,83,2471,Lodgepole_Pine
59961,2949,271,26,446,150,2136,144,238,228,1177,Spruce_Fir
11060,2036,114,18,30,-12,450,248,218,91,524,Ponderosa_Pine
83186,3003,109,26,485,176,1224,253,200,57,577,Douglas_fir
37732,3162,121,18,497,13,5918,247,223,98,1307,Lodgepole_Pine
28968,2422,325,22,60,24,433,161,210,187,962,Lodgepole_Pine
96374,3128,257,8,42,3,5595,202,245,181,2616,Lodgepole_Pine
102684,2856,248,36,30,13,2678,124,239,237,1440,Lodgepole_Pine
17320,3132,45,17,690,-42,4129,222,200,106,4155,Spruce_Fir
31131,3102,148,9,210,11,1441,232,240,139,3360,Spruce_Fir
46849,2336,22,19,0,0,1128,205,197,123,854,Douglas_fir
98915,3159,203,12,212,27,582,214,251,170,5059,Lodgepole_Pine
79003,2870,307,10,60,13,3949,192,234,182,6014,Lodgepole_Pine
27271,2991,79,12,240,53,2220,236,217,110,1919,Lodgepole_Pine
72517,3168,201,8,480,66,212,217,247,165,2886,Lodgepole_Pine
63192,3043,145,23,966,156,3105,245,229,100,1631,Lodgepole_Pine
57008,2832,14,11,592,19,3395,210,217,144,2620,Spruce_Fir
7924,3385,161,12,402,21,2322,232,243,140,470,Krummholz
22566,3001,196,31,255,105,1895,197,248,165,2145,Lodgepole_Pine
18365,2906,351,10,162,36,4211,203,224,159,6162,Lodgepole_Pine
4975,2877,314,14,679,122,1167,181,228,187,1231,Lodgepole_Pine
20795,2397,130,8,566,103,633,234,236,133,999,Ponderosa_Pine
2732,3063,90,15,875,46,1231,242,214,98,618,Spruce_Fir
103608,3025,54,7,446,45,1181,224,225,136,2330,Lodgepole_Pine
61768,2712,15,47,466,89,845,133,99,0,2206,Lodgepole_Pine
78309,3011,268,16,618,111,5741,176,245,207,4243,Lodgepole_Pine
74847,3034,100,16,360,110,4370,245,216,96,2255,Lodgepole_Pine
10421,2720,62,14,390,96,1411,231,211,109,547,Lodgepole_Pine
12857,2965,8,20,242,90,5423,193,196,137,1065,Lodgepole_Pine
61927,2767,13,13,474,-20,713,207,213,142,760,Lodgepole_Pine
63231,3032,143,28,524,151,834,247,221,84,2513,Spruce_Fir
99829,2624,74,12,457,54,3009,234,217,114,2904,Spruce_Fir
46318,2855,66,22,330,158,850,235,189,74,1087,Lodgepole_Pine
42388,2688,105,8,247,-7,1640,234,230,128,1226,Lodgepole_Pine
62631,2972,27,18,175,17,1550,209,198,119,1507,Lodgepole_Pine
2536,3264,151,12,525,73,5889,235,240,134,2955,Lodgepole_Pine
90657,3050,71,11,390,23,6676,232,219,118,2758,Lodgepole_Pine
43211,3183,47,12,592,101,1746,224,214,123,3156,Spruce_Fir
62729,3258,171,17,454,167,3823,230,245,141,443,Lodgepole_Pine
92458,3254,123,7,430,-19,834,231,235,137,3073,Lodgepole_Pine
75654,2977,304,15,60,15,1221,176,231,195,376,Lodgepole_Pine
13267,3261,66,9,324,-22,1369,229,223,127,3102,Lodgepole_Pine
7333,3116,315,11,85,10,4303,192,231,180,1310,Spruce_Fir
17302,2774,327,25,297,145,1706,152,204,187,1419,Douglas_fir
3274,2911,52,31,362,94,934,219,159,53,693,Lodgepole_Pine
39530,2956,216,24,319,116,984,188,254,192,323,Lodgepole_Pine
74644,2836,13,9,339,52,1604,211,221,146,2710,Spruce_Fir
33860,3073,343,12,564,6,3749,195,221,165,4509,Spruce_Fir
69646,3100,303,27,90,38,780,135,215,215,2389,Spruce_Fir
63273,2948,11,10,700,71,721,210,221,147,1155,Spruce_Fir
65158,3229,171,19,150,23,1848,230,245,139,1689,Spruce_Fir
6746,2696,73,15,218,45,2596,236,211,103,874,Spruce_Fir
50200,3356,195,11,845,154,2785,218,249,164,1376,Spruce_Fir
77279,3044,8,22,365,-15,1120,189,190,133,2115,Spruce_Fir
20390,3249,319,14,509,178,3237,184,227,182,3335,Lodgepole_Pine
7931,3096,103,4,360,-12,6513,227,234,141,2802,Lodgepole_Pine
4126,3198,270,9,451,23,636,195,244,187,1048,Lodgepole_Pine
39575,2605,108,15,240,-20,977,244,222,103,649,Lodgepole_Pine
80307,3354,66,31,350,114,1929,233,163,39,2389,Spruce_Fir
30810,3233,14,10,30,1,2309,211,220,145,2678,Spruce_Fir
102852,3264,39,15,362,115,4105,219,207,119,1879,Spruce_Fir
66242,3080,73,17,240,39,1191,237,205,93,1298,Spruce_Fir
13941,3085,321,19,218,25,1230,168,218,188,2280,Lodgepole_Pine
9643,2988,45,7,247,9,3589,222,224,137,5392,Lodgepole_Pine
100347,2972,90,26,134,13,4517,249,188,51,2363,Lodgepole_Pine
6424,2878,63,13,153,34,661,231,213,112,330,Lodgepole_Pine
6549,3191,73,22,371,22,1253,239,191,71,1260,Spruce_Fir
43350,2072,312,39,180,139,300,93,181,213,474,Ponderosa_Pine
12884,3031,247,7,480,145,6014,205,246,179,5113,Lodgepole_Pine
79339,3387,161,9,443,187,2613,229,242,145,685,Spruce_Fir
106732,3160,13,15,108,25,604,204,208,138,2010,Spruce_Fir
78358,2947,197,9,335,26,2064,218,248,164,1994,Lodgepole_Pine
38151,3089,163,13,30,6,824,232,243,140,953,Spruce_Fir
45896,3105,45,12,124,14,3021,223,214,123,1342,Spruce_Fir
32998,2737,19,10,391,1,1195,213,219,142,1142,Lodgepole_Pine
94736,2790,253,31,124,45,1554,135,242,234,1624,Lodgepole_Pine
48414,2889,94,13,85,10,3271,240,221,109,2483,Lodgepole_Pine
49322,3218,293,13,285,75,1300,182,237,194,2177,Spruce_Fir
67509,2207,316,32,180,128,641,122,196,205,904,Douglas_fir
3189,2922,279,9,90,15,3610,196,241,184,4869,Lodgepole_Pine
109345,2536,163,14,30,6,1519,232,243,139,4576,Lodgepole_Pine
465,3011,342,8,150,36,5136,205,229,163,3862,Spruce_Fir
7120,2593,205,36,242,155,342,175,244,178,932,Lodgepole_Pine
6116,3079,118,14,301,41,663,243,227,111,1616,Spruce_Fir
70137,3246,337,13,789,45,2008,192,222,169,570,Spruce_Fir
26437,3385,307,5,837,198,1008,207,237,169,573,Spruce_Fir
6576,3205,20,6,95,8,3877,216,227,148,1465,Douglas_fir
45808,3447,29,10,782,98,3413,217,219,137,1489,Krummholz
20910,3146,139,9,270,4,2955,234,237,134,1061,Lodgepole_Pine
52610,3027,302,4,805,62,5744,207,238,169,5876,Lodgepole_Pine
37978,3008,305,4,30,3,5163,209,237,167,2577,Spruce_Fir
84576,2808,328,13,240,38,3124,187,224,176,2912,Lodgepole_Pine
81641,2403,93,16,120,31,564,243,214,96,984,Douglas_fir
12039,2701,180,20,175,25,3489,223,248,148,1939,Cottonwood_Willow
70939,2892,333,17,30,10,1292,180,216,175,2467,Spruce_Fir
100147,2345,308,24,391,163,1144,148,217,206,960,Douglas_fir
42925,2796,52,8,124,8,417,225,223,132,779,Lodgepole_Pine
1363,2749,22,21,90,8,1740,201,189,117,2885,Lodgepole_Pine
33659,3145,81,5,300,11,4271,226,231,140,1879,Lodgepole_Pine
94969,3203,34,12,295,1,2694,218,213,129,1167,Spruce_Fir
11509,2961,260,5,67,7,1321,207,243,174,301,Lodgepole_Pine
69475,2823,22,11,162,10,1159,213,217,139,589,Lodgepole_Pine
36445,3165,82,7,277,23,3144,230,228,130,4896,Spruce_Fir
2749,2322,351,25,42,11,959,167,189,154,914,Douglas_fir
19154,2237,350,31,60,40,1142,150,173,151,624,Ponderosa_Pine
26482,3202,239,7,124,13,5952,207,246,176,1572,Lodgepole_Pine
9436,2566,305,31,95,54,1516,122,207,218,1664,Douglas_fir
106849,3065,311,10,124,6,3754,192,233,181,1708,Spruce_Fir
70878,3135,83,12,360,17,2922,237,218,110,964,Spruce_Fir
1421,3200,37,18,474,124,691,216,196,109,1851,Lodgepole_Pine
6039,3453,74,3,277,0,1706,224,233,144,3580,Spruce_Fir
40545,3223,212,18,324,-44,3342,202,254,183,514,Lodgepole_Pine
69829,2968,45,5,371,141,5127,222,228,142,5090,Spruce_Fir
94325,3148,284,14,524,24,3578,180,240,199,1310,Spruce_Fir
57940,3461,273,16,1181,334,4138,177,243,205,2679,Krummholz
18642,3049,210,4,564,107,2913,217,243,163,1106,Spruce_Fir
2133,3128,268,23,216,25,4662,156,242,222,3174,Spruce_Fir
75436,3077,31,13,67,0,3829,216,210,128,3894,Spruce_Fir
13945,2971,180,3,60,-4,1433,220,241,156,661,Lodgepole_Pine
31363,2968,179,12,242,89,1895,225,247,153,1052,Lodgepole_Pine
102464,2749,259,17,90,19,277,178,247,206,2313,Lodgepole_Pine
82975,3133,153,2,85,4,2100,222,239,153,2689,Lodgepole_Pine
37712,2852,329,4,67,6,2802,210,235,163,2282,Lodgepole_Pine
4839,3252,34,3,242,18,95,219,232,149,977,Lodgepole_Pine
24930,3160,123,8,379,27,5506,234,234,131,1738,Spruce_Fir
30442,2884,6,15,391,89,3142,201,210,145,1124,Lodgepole_Pine
22801,2799,120,9,234,28,1026,236,233,128,2554,Lodgepole_Pine
72792,3079,83,16,295,-89,993,241,210,95,924,Lodgepole_Pine
44245,2955,135,13,400,59,5535,240,234,120,4499,Lodgepole_Pine
54739,3024,284,24,313,29,1645,147,232,222,3328,Spruce_Fir
24746,2677,27,15,42,4,1452,212,207,128,1771,Lodgepole_Pine
10230,3106,135,14,300,-6,3742,241,234,119,2971,Lodgepole_Pine
4296,3286,352,2,560,-4,1657,216,236,157,3119,Lodgepole_Pine
17313,2069,43,29,42,17,984,212,164,69,481,Ponderosa_Pine
33221,3041,339,23,433,23,3378,164,200,170,1490,Spruce_Fir
7038,3045,262,8,150,27,3001,200,245,184,1015,Lodgepole_Pine
80949,3267,108,10,150,10,1663,238,228,120,2774,Spruce_Fir
77823,2885,86,3,350,66,2582,224,234,145,2161,Lodgepole_Pine
15951,2180,133,17,0,0,1146,245,230,108,1146,Cottonwood_Willow
55360,2722,118,18,212,45,1793,248,221,94,2315,Lodgepole_Pine
47481,3228,117,3,604,39,4885,225,236,146,2486,Spruce_Fir
60344,3139,266,15,765,127,6196,182,245,202,1429,Lodgepole_Pine
14528,3311,14,16,210,41,3796,203,206,137,1926,Spruce_Fir
107311,3050,167,16,67,6,3229,231,244,140,5783,Lodgepole_Pine
83355,2934,80,4,150,6,900,225,232,142,2330,Lodgepole_Pine
46728,3060,143,26,256,52,641,247,223,87,1463,Lodgepole_Pine
7395,2803,347,20,190,47,1500,178,204,162,2568,Lodgepole_Pine
77830,3211,9,18,454,20,3698,196,200,137,2991,Spruce_Fir
103558,2795,343,33,242,86,1194,136,171,162,1782,Lodgepole_Pine
88281,2087,247,23,150,61,457,166,250,217,488,Douglas_fir
27783,2962,146,15,108,27,1452,239,237,123,3378,Spruce_Fir
31601,2594,259,35,324,-5,540,118,235,241,1158,Ponderosa_Pine
5275,2974,45,8,150,14,1347,222,223,136,1965,Lodgepole_Pine
4916,2616,247,25,283,16,564,161,249,220,1179,Ponderosa_Pine
4647,3304,225,8,420,87,1006,210,248,174,871,Spruce_Fir
43253,2948,236,24,190,62,3013,172,252,211,2048,Lodgepole_Pine
31124,3200,130,12,60,4,1243,240,233,122,1583,Spruce_Fir
73272,3108,124,29,212,79,3361,253,204,56,2255,Spruce_Fir
52564,2259,227,34,492,-70,552,152,247,213,841,Ponderosa_Pine
106297,3010,240,34,513,213,2285,138,244,228,1253,Spruce_Fir
59278,2740,202,12,85,21,2524,214,251,169,1900,Lodgepole_Pine
52717,2922,50,11,201,12,3976,225,216,124,5351,Lodgepole_Pine
19530,2548,163,9,0,0,1514,229,243,146,700,Douglas_fir
58850,2643,51,18,424,33,663,226,199,101,926,Lodgepole_Pine
54464,3306,59,23,760,119,1871,230,185,75,2568,Lodgepole_Pine
47614,2979,297,12,319,89,5236,187,236,189,1041,Lodgepole_Pine
97624,2834,322,21,42,16,4903,163,214,189,247,Lodgepole_Pine
29996,2892,155,7,404,59,3734,228,241,146,3290,Lodgepole_Pine
51211,3135,97,15,270,29,2343,243,218,101,1710,Lodgepole_Pine
89324,3353,128,17,711,5,1425,246,227,105,2789,Spruce_Fir
41233,2965,6,6,424,52,3548,212,227,153,1698,Lodgepole_Pine
60746,3223,299,19,726,20,1431,165,230,204,1415,Spruce_Fir
21618,2693,24,15,30,10,2711,211,207,129,6613,Lodgepole_Pine
109638,3080,151,26,180,-10,3500,242,230,100,907,Lodgepole_Pine
81371,3030,342,5,134,12,1183,209,232,161,2592,Lodgepole_Pine
32990,2729,31,15,30,3,1302,215,207,125,2577,Lodgepole_Pine
72061,2093,357,32,362,-87,767,154,166,137,781,Douglas_fir
74791,2841,346,34,67,45,4439,136,166,156,5066,Lodgepole_Pine
7103,2968,240,17,240,59,6017,187,252,200,5067,Lodgepole_Pine
31414,2543,129,24,162,-6,1412,251,217,79,1218,Ponderosa_Pine
1153,2296,40,22,30,13,1233,216,187,97,1187,Douglas_fir
14705,3300,68,18,90,17,5227,235,202,92,247,Spruce_Fir
20468,2746,64,22,212,89,216,234,189,76,875,Aspen
42939,3036,342,6,153,21,3333,208,231,162,1747,Spruce_Fir
38995,2194,170,24,300,175,481,229,242,130,175,Ponderosa_Pine
75830,3097,149,19,1207,206,3151,242,235,114,1422,Lodgepole_Pine
85576,2911,50,4,85,1,4045,222,231,145,5405,Douglas_fir
82980,3106,22,16,268,-14,1302,208,205,130,242,Lodgepole_Pine
39224,2849,70,24,108,21,3339,237,186,67,5058,Lodgepole_Pine
34599,2846,49,28,361,124,1738,219,168,67,858,Lodgepole_Pine
47713,2425,135,15,607,155,774,243,232,115,1020,Ponderosa_Pine
30127,2987,178,8,127,18,4497,224,245,155,1956,Lodgepole_Pine
96861,2849,81,6,360,55,2151,228,230,136,1601,Lodgepole_Pine
59882,2775,85,8,170,18,1911,232,226,126,2821,Lodgepole_Pine
15063,3106,169,29,390,91,1909,228,237,120,1208,Spruce_Fir
6797,3175,50,22,175,54,2713,224,186,86,1471,Spruce_Fir
4953,2945,313,8,150,24,1852,199,234,175,674,Lodgepole_Pine
54913,2806,61,10,272,22,2856,228,220,124,2407,Lodgepole_Pine
789,3019,6,18,150,23,3615,195,203,142,5063,Douglas_fir
97231,3316,223,9,458,55,3329,209,249,176,1307,Lodgepole_Pine
3901,3079,121,18,285,12,1550,247,223,98,1348,Spruce_Fir
42314,2718,342,14,242,75,1252,191,218,166,1907,Lodgepole_Pine
19408,3186,131,22,90,5,1473,249,222,90,1369,Lodgepole_Pine
99677,3188,2,18,510,25,2245,193,203,146,1215,Lodgepole_Pine
99148,3397,348,11,594,201,711,199,222,161,750,Spruce_Fir
25294,3057,315,9,90,16,3586,196,233,176,543,Spruce_Fir
71089,2901,100,16,124,42,3479,245,215,94,5059,Lodgepole_Pine
97388,2247,8,27,240,135,824,178,176,125,309,Ponderosa_Pine
63957,2883,152,11,247,51,1012,234,240,135,1798,Lodgepole_Pine
99021,3105,66,6,690,51,2336,227,227,135,2271,Spruce_Fir
27391,2571,321,19,242,113,595,167,218,189,418,Lodgepole_Pine
54541,2768,74,8,150,9,1149,230,226,129,2370,Lodgepole_Pine
55730,3113,274,11,216,24,1422,192,243,191,2007,Spruce_Fir
107274,2973,303,11,300,58,2925,190,235,185,1505,Lodgepole_Pine
106964,3250,213,10,216,19,1869,211,250,174,4050,Spruce_Fir
84203,2985,64,7,335,20,4889,227,226,133,5490,Lodgepole_Pine
8910,2947,270,28,108,46,2724,136,236,232,277,Lodgepole_Pine
4135,3183,72,13,85,10,2640,234,215,111,1648,Spruce_Fir
8742,2913,247,25,277,99,1604,159,249,221,618,Lodgepole_Pine
36596,3235,82,14,644,28,1242,239,214,102,2454,Lodgepole_Pine
62891,1989,97,13,42,0,323,241,220,106,499,Ponderosa_Pine
63559,2588,98,14,350,152,366,243,219,102,242,Ponderosa_Pine
48438,3196,152,4,182,15,2534,224,239,151,1032,Cottonwood_Willow
79281,2810,122,12,313,39,1001,240,230,118,2610,Lodgepole_Pine
10025,2747,27,8,42,-2,1836,217,222,141,2691,Lodgepole_Pine
75031,2092,32,32,134,48,212,194,152,73,484,Cottonwood_Willow
104821,3238,7,14,1001,221,2107,202,212,145,2183,Krummholz
98427,2805,63,18,67,7,797,233,201,93,301,Lodgepole_Pine
108697,3060,188,24,591,244,1530,214,249,156,384,Lodgepole_Pine
53895,3091,159,21,1053,185,3219,237,239,123,1624,Lodgepole_Pine
7337,3379,97,24,180,67,2393,250,199,64,2042,Krummholz
28187,3165,96,11,60,0,4442,237,225,117,1981,Spruce_Fir
35561,3240,27,11,700,79,2675,216,216,136,3355,Spruce_Fir
29391,3456,64,14,691,107,3515,232,210,107,1361,Krummholz
7684,3214,36,15,649,39,3616,218,205,119,4160,Spruce_Fir
34741,2978,39,16,564,15,2368,219,204,116,2270,Lodgepole_Pine
33246,2676,5,13,335,110,671,204,215,148,1953,Lodgepole_Pine
65935,2830,65,14,285,147,301,232,211,109,1642,Lodgepole_Pine
76663,2721,347,5,127,27,2053,210,231,160,6308,Lodgepole_Pine
40151,3264,26,14,258,41,4437,213,208,129,2096,Spruce_Fir
39636,2655,350,26,90,54,2040,165,187,154,7065,Lodgepole_Pine
106659,3101,13,13,134,18,1595,207,212,141,1952,Spruce_Fir
86204,3189,44,18,124,0,1837,221,197,104,4512,Spruce_Fir
62401,2938,331,2,127,1,1440,213,236,160,330,Lodgepole_Pine
21051,2643,40,4,277,15,1182,220,231,148,5516,Lodgepole_Pine
40837,3116,342,5,664,62,2174,210,233,161,2389,Lodgepole_Pine
3408,2612,3,41,277,19,582,133,130,109,1627,Lodgepole_Pine
96491,2737,117,16,30,9,2513,246,224,102,6534,Lodgepole_Pine
47212,3142,354,16,85,14,1132,191,210,155,470,Spruce_Fir
35612,2698,45,15,335,-18,769,223,206,113,192,Lodgepole_Pine
10192,2813,31,6,30,0,1556,219,228,145,2424,Lodgepole_Pine
17692,3066,358,29,190,-2,3353,164,175,139,5181,Lodgepole_Pine
35105,3190,329,15,541,53,2148,184,221,177,700,Spruce_Fir
10045,3110,10,11,450,93,1518,209,219,147,2676,Spruce_Fir
37795,2138,176,35,153,119,430,214,233,121,247,Ponderosa_Pine
59331,2965,309,3,297,23,1880,210,237,165,2160,Lodgepole_Pine
55833,3106,42,27,108,29,1271,213,171,79,2610,Spruce_Fir
16538,2790,30,13,601,2,750,216,211,129,1208,Lodgepole_Pine
96011,3211,140,19,404,118,306,244,231,108,3055,Spruce_Fir
64147,3301,121,28,443,-20,582,254,205,58,4200,Lodgepole_Pine
29186,2827,107,18,67,22,2094,247,216,90,2571,Lodgepole_Pine
31050,3346,282,44,218,68,3337,67,198,248,1786,Spruce_Fir
76398,3170,261,6,120,7,3148,206,243,176,1230,Lodgepole_Pine
52731,2596,237,28,228,96,1129,160,250,218,1167,Ponderosa_Pine
11850,3175,229,21,553,63,3384,185,254,200,1911,Spruce_Fir
69345,3158,112,7,283,28,451,232,233,133,5567,Spruce_Fir
57918,3173,348,25,679,28,1187,166,192,158,1695,Spruce_Fir
49873,3423,235,27,361,168,3274,162,251,215,564,Spruce_Fir
41688,3095,83,16,247,50,4800,241,211,96,924,Lodgepole_Pine
80888,2520,132,7,524,42,787,231,237,138,3747,Lodgepole_Pine
28995,2952,274,19,120,31,2605,166,241,213,2458,Lodgepole_Pine
6169,3141,216,6,67,6,706,214,246,169,2401,Spruce_Fir
1779,2385,348,22,446,115,955,174,199,160,1140,Douglas_fir
46338,2953,88,6,192,20,2054,229,230,135,2440,Lodgepole_Pine
55925,3282,308,8,150,25,3550,197,235,178,1714,Spruce_Fir
27843,2995,106,20,170,43,4112,249,212,83,2244,Lodgepole_Pine
35511,2930,204,21,361,159,3007,204,253,176,1380,Lodgepole_Pine
66660,3237,233,2,362,75,2601,215,241,163,964,Spruce_Fir
36264,3405,304,7,309,32,2250,200,236,176,2605,Krummholz
63095,2411,183,5,30,-2,771,221,243,157,1077,Ponderosa_Pine
76094,2969,110,26,297,101,2285,253,200,57,1708,Lodgepole_Pine
22615,3304,316,21,362,109,543,159,217,196,488,Spruce_Fir
41448,3228,68,13,162,24,1012,233,214,111,1008,Spruce_Fir
71590,3198,342,2,418,23,3742,214,235,159,4302,Spruce_Fir
36214,3013,50,7,0,0,732,224,225,136,1443,Spruce_Fir
66485,3414,275,17,847,229,4710,172,242,209,2867,Krummholz
41969,2919,249,16,362,19,5633,184,250,203,6061,Spruce_Fir
48065,3009,50,22,150,51,242,224,187,87,1445,Lodgepole_Pine
28136,2101,269,26,192,90,255,143,239,229,492,Ponderosa_Pine
89379,2679,347,18,67,21,2037,184,209,162,2524,Douglas_fir
56595,3401,297,13,285,50,3654,183,235,192,1239,Spruce_Fir
71439,2350,346,15,162,45,1277,190,215,163,362,Douglas_fir
10819,2559,340,23,30,15,1050,165,200,170,6519,Lodgepole_Pine
86120,2832,14,9,192,34,1956,212,222,147,1770,Lodgepole_Pine
36072,2945,90,11,297,62,5514,237,223,116,3967,Lodgepole_Pine
15649,3295,339,15,1200,278,1973,185,216,169,2021,Krummholz
65756,2667,212,28,170,101,1987,184,252,190,360,Ponderosa_Pine
75845,3116,126,25,170,45,828,252,213,73,474,Lodgepole_Pine
72473,2856,39,9,30,5,3070,221,219,133,4156,Lodgepole_Pine
27909,3206,324,21,459,185,2649,162,213,188,2736,Spruce_Fir
50645,2459,179,22,417,189,1072,223,247,145,571,Douglas_fir
108915,3041,320,11,42,4,6467,191,229,178,3132,Lodgepole_Pine
99889,3092,9,5,90,18,4560,215,230,153,3195,Spruce_Fir
12941,2475,319,17,313,178,391,175,222,187,698,Ponderosa_Pine
39540,3305,338,23,624,150,4143,165,202,173,2374,Spruce_Fir
75427,2317,68,27,67,44,1565,236,175,54,674,Ponderosa_Pine
70343,2596,208,10,400,78,2320,213,250,171,395,Ponderosa_Pine
74849,3402,349,10,408,63,1552,202,223,160,1224,Krummholz
6643,2188,354,5,30,-4,979,212,231,157,1318,Cottonwood_Willow
45535,3200,173,17,90,16,1033,228,246,143,2635,Lodgepole_Pine
22923,2752,353,11,30,7,3541,201,221,158,5765,Spruce_Fir
53038,3388,104,8,693,149,2970,234,230,129,2372,Krummholz
25657,2934,312,13,379,127,1674,184,230,186,2512,Lodgepole_Pine
3962,2845,218,22,212,102,2829,190,254,192,1148,Lodgepole_Pine
61651,3327,341,20,582,45,2379,175,206,168,1001,Spruce_Fir
100293,3308,206,18,390,102,1895,207,253,176,1448,Spruce_Fir
84161,3063,42,22,849,38,1745,217,186,94,2190,Spruce_Fir
36220,2929,247,4,469,11,5386,212,242,168,2124,Lodgepole_Pine
34461,3185,219,16,258,17,618,201,253,185,2564,Spruce_Fir
94431,2331,160,18,162,65,674,235,241,129,760,Ponderosa_Pine
65745,2760,13,26,532,233,1015,186,178,119,816,Lodgepole_Pine
16272,3075,18,16,175,17,3947,206,205,133,671,Spruce_Fir
102094,3082,335,4,192,13,2200,211,234,162,2343,Lodgepole_Pine
5155,2753,11,36,277,55,1332,159,144,102,2239,Lodgepole_Pine
8232,3205,152,10,859,77,3183,233,240,138,2673,Lodgepole_Pine
9530,2900,83,20,541,263,816,243,202,80,607,Lodgepole_Pine
19662,2890,146,31,108,50,5855,244,218,78,4403,Lodgepole_Pine
1788,3146,205,25,150,33,5414,195,253,180,1176,Spruce_Fir
2935,2735,304,12,67,8,1572,187,234,187,2443,Lodgepole_Pine
25259,2711,58,12,180,45,210,228,215,117,2197,Aspen
75558,2922,169,13,60,3,5421,230,245,144,3919,Lodgepole_Pine
85536,3075,233,17,351,40,2925,191,253,196,1639,Lodgepole_Pine
75665,2886,255,38,323,139,2474,110,233,243,769,Lodgepole_Pine
86101,2992,313,17,309,73,2910,171,224,193,1397,Lodgepole_Pine
76533,2888,41,13,450,61,1682,221,211,123,2924,Lodgepole_Pine
16460,3218,214,24,277,74,1252,190,254,190,4466,Lodgepole_Pine
8728,2056,55,30,342,207,323,223,162,53,870,Douglas_fir
802,3085,320,12,150,18,4838,190,229,179,752,Spruce_Fir
67342,3106,314,20,552,283,1350,162,220,196,1034,Spruce_Fir
6614,2072,120,35,351,8,366,253,187,29,845,Ponderosa_Pine
70654,3257,345,11,467,70,4329,199,223,163,983,Spruce_Fir
58900,3014,52,20,1040,216,3068,226,192,91,1050,Lodgepole_Pine
95804,3117,18,6,725,36,2001,216,227,149,2594,Spruce_Fir
88201,3408,36,12,661,187,3285,219,212,127,1809,Krummholz
106850,3116,209,12,95,10,5336,211,251,173,1249,Spruce_Fir
88222,3011,23,5,674,92,5311,217,228,148,5522,Lodgepole_Pine
107084,2853,103,20,330,156,942,249,210,80,1036,Lodgepole_Pine
24392,3259,242,19,902,169,553,180,252,206,2885,Lodgepole_Pine
12059,3242,345,14,319,66,4553,192,217,163,800,Spruce_Fir
39216,2867,57,5,268,47,2188,223,229,142,2845,Ponderosa_Pine
55840,2931,59,24,376,141,2142,230,182,72,2147,Spruce_Fir
20411,3018,185,11,234,12,4226,222,248,157,858,Lodgepole_Pine
8007,3145,8,14,228,35,1710,202,210,143,2543,Spruce_Fir
34838,2833,288,36,700,340,937,101,212,238,1846,Lodgepole_Pine
20855,2305,296,29,395,232,1449,127,217,224,1033,Ponderosa_Pine
40413,3022,95,10,684,-41,1250,237,225,118,1153,Lodgepole_Pine
57428,2818,63,22,510,144,540,233,188,76,2430,Aspen
35783,3241,26,7,430,20,3567,217,225,144,3940,Spruce_Fir
72839,2791,141,16,566,157,2751,241,234,118,1952,Aspen
57283,2628,185,8,361,202,1966,222,246,158,495,Ponderosa_Pine
98175,2526,74,17,234,19,484,238,205,92,1283,Douglas_fir
58569,2942,12,18,295,9,603,198,200,135,201,Lodgepole_Pine
78679,2857,266,19,395,25,1034,169,245,213,1868,Aspen
11087,2806,178,17,604,172,2750,225,248,149,1931,Aspen
66667,2968,35,18,331,42,4460,215,197,112,5094,Spruce_Fir
35710,3080,225,2,268,39,2758,216,241,162,6290,Spruce_Fir
59867,2324,347,6,360,105,750,208,230,160,313,Ponderosa_Pine
6786,2955,324,16,240,61,1717,178,221,182,1266,Lodgepole_Pine
35431,3068,222,7,330,11,1549,212,247,172,1549,Spruce_Fir
34200,2934,203,17,391,48,1591,209,253,174,1638,Lodgepole_Pine
74303,2881,57,20,391,184,787,230,194,89,1050,Lodgepole_Pine
95004,2420,200,9,450,114,930,217,248,166,1289,Ponderosa_Pine
96306,3018,251,10,778,120,5861,198,247,187,5838,Lodgepole_Pine
61868,3011,268,16,658,23,5778,176,245,207,4554,Lodgepole_Pine
15474,3325,113,12,470,102,3189,240,228,117,2794,Krummholz
1440,3250,194,10,376,53,3034,219,248,163,853,Spruce_Fir
11823,3047,77,9,752,220,1441,232,223,122,825,Spruce_Fir
20841,3030,185,6,216,9,1350,221,244,158,1235,Lodgepole_Pine
13354,2947,108,11,127,8,1239,239,227,117,569,Lodgepole_Pine
70175,2770,341,16,323,43,1836,186,215,167,1158,Lodgepole_Pine
41797,2876,23,10,150,24,3035,214,219,140,2650,Lodgepole_Pine
58084,2849,22,9,134,15,1262,215,221,143,2389,Lodgepole_Pine
100978,3256,284,4,551,-18,2617,209,240,169,391,Spruce_Fir
4685,3291,100,42,247,31,4629,247,147,0,2335,Spruce_Fir
77447,3414,48,7,426,85,1211,223,225,138,3877,Spruce_Fir
49597,3300,179,16,420,100,3188,225,248,151,582,Spruce_Fir
64588,3257,343,9,361,88,3618,202,226,163,2730,Spruce_Fir
10542,3167,332,14,95,16,2721,187,222,174,543,Spruce_Fir
100392,2969,87,15,551,-62,808,241,213,98,1537,Lodgepole_Pine
72556,2897,350,18,708,317,1248,184,206,159,808,Lodgepole_Pine
21144,2593,342,5,277,48,566,209,232,161,1031,Lodgepole_Pine
21059,2949,250,6,300,43,5742,206,245,176,3154,Lodgepole_Pine
109485,3143,181,10,631,102,860,223,247,156,1900,Lodgepole_Pine
40979,3176,45,19,190,27,5170,221,194,99,1262,Spruce_Fir
59730,2893,232,31,631,136,1211,154,249,217,1710,Lodgepole_Pine
2976,2810,206,22,201,-10,1640,200,254,179,1020,Lodgepole_Pine
84666,2869,157,8,255,26,3000,229,241,145,2451,Spruce_Fir
72650,3039,123,10,150,6,870,237,233,126,1574,Lodgepole_Pine
97400,3011,235,8,404,95,5437,207,247,178,1600,Aspen
88446,3755,357,15,1050,309,5042,194,211,153,3171,Krummholz
90814,3229,218,3,420,108,424,216,242,162,633,Aspen
110386,2149,108,37,124,77,646,253,170,9,42,Cottonwood_Willow
49655,3139,231,12,192,14,2514,201,251,186,484,Lodgepole_Pine
76709,2825,44,32,150,0,1084,209,155,59,1621,Lodgepole_Pine
26347,2830,250,5,30,5,541,209,243,172,451,Spruce_Fir
86141,2803,113,29,108,58,2225,254,195,47,564,Lodgepole_Pine
4524,2334,26,22,175,71,1172,204,187,110,765,Douglas_fir
107761,2775,196,25,450,164,1670,206,251,166,1332,Lodgepole_Pine
109594,2722,356,25,42,15,1493,170,185,146,1064,Lodgepole_Pine
39260,2786,305,22,228,70,2554,154,222,206,90,Lodgepole_Pine
104411,3318,108,20,552,194,3364,249,214,84,552,Spruce_Fir
42069,3241,272,5,30,2,4631,205,242,175,1057,Lodgepole_Pine
18661,2984,175,20,301,47,2580,227,246,142,914,Spruce_Fir
88460,3079,159,15,120,11,3422,235,241,132,1176,Cottonwood_Willow
40760,3383,338,15,566,163,4848,186,217,170,2922,Spruce_Fir
71730,2549,45,13,270,23,402,223,211,120,2885,Lodgepole_Pine
74954,2957,93,5,510,110,1489,227,233,140,2317,Lodgepole_Pine
40539,3192,175,17,30,-9,2656,227,247,145,2704,Krummholz
59503,3328,86,37,228,82,2268,244,151,0,661,Krummholz
46923,3152,287,17,514,3,6284,170,237,205,1523,Lodgepole_Pine
40825,2963,11,9,323,18,738,211,222,148,1902,Lodgepole_Pine
71014,2922,168,22,1065,127,2580,231,242,131,1332,Lodgepole_Pine
48670,3025,95,8,228,23,1742,233,229,128,1717,Spruce_Fir
61878,2882,145,18,247,76,2117,242,234,115,1158,Aspen
34612,2620,105,3,0,0,2040,224,236,147,990,Spruce_Fir
79610,3075,37,5,192,13,1324,220,229,146,1681,Lodgepole_Pine
10934,2919,108,5,30,0,5077,228,234,141,3450,Spruce_Fir
89575,2995,88,31,591,171,525,247,173,31,912,Spruce_Fir
60233,2005,118,29,150,52,190,254,200,51,437,Ponderosa_Pine
67420,3324,315,7,268,56,3234,202,235,172,1806,Spruce_Fir
32247,3149,11,10,696,132,1725,209,220,147,2557,Spruce_Fir
45217,3320,28,25,666,183,1136,202,179,102,5370,Spruce_Fir
56796,3186,108,18,560,259,1734,248,216,90,2905,Spruce_Fir
73735,2888,306,15,417,61,1980,176,230,193,1415,Lodgepole_Pine
18756,2915,68,25,108,38,4996,236,181,61,210,Lodgepole_Pine
7121,2309,39,24,108,62,1429,213,181,92,1144,Ponderosa_Pine
82627,3005,192,20,319,31,4710,214,251,163,636,Lodgepole_Pine
25031,3368,6,15,42,6,3980,200,209,144,1410,Spruce_Fir
64308,3503,40,17,603,91,2748,219,199,110,1774,Spruce_Fir
61690,3254,129,30,424,126,3492,252,206,57,426,Spruce_Fir
86554,2621,57,10,300,12,957,227,220,126,5546,Lodgepole_Pine
73490,3004,0,19,150,26,437,189,201,147,1249,Lodgepole_Pine
32343,3163,237,8,485,71,5903,206,247,179,2568,Lodgepole_Pine
39361,3150,287,7,474,3,2736,200,240,179,300,Spruce_Fir
81629,3490,305,23,108,76,2964,149,220,208,2032,Spruce_Fir
51917,3138,24,16,30,5,4996,209,203,127,1090,Spruce_Fir
47061,3308,161,21,713,94,819,236,240,125,2687,Aspen
38695,2919,81,6,67,3,3915,228,230,136,6192,Spruce_Fir
77670,2887,334,20,579,66,1307,172,210,176,981,Lodgepole_Pine
4472,2701,224,27,324,83,3051,174,253,204,1805,Lodgepole_Pine
93845,2906,115,15,108,18,720,245,224,104,2654,Lodgepole_Pine
82651,2610,16,14,365,110,1991,208,211,138,671,Lodgepole_Pine
24670,3433,343,13,792,64,2460,194,220,165,1381,Spruce_Fir
34143,2946,14,9,446,56,3164,212,222,147,2029,Lodgepole_Pine
74496,2859,27,13,309,17,1359,214,212,131,2230,Lodgepole_Pine
20926,3237,66,10,175,28,5325,230,220,122,376,Spruce_Fir
80314,3087,27,9,313,29,5076,217,221,140,2717,Spruce_Fir
69561,2862,328,4,201,17,2938,209,234,164,3905,Lodgepole_Pine
29326,2722,29,24,323,7,1982,204,181,103,2117,Lodgepole_Pine
37660,2816,67,8,258,59,1092,228,224,129,467,Lodgepole_Pine
83657,2915,350,12,67,10,4206,198,220,160,4110,Lodgepole_Pine
2888,2759,62,26,247,27,1136,232,176,61,1830,Lodgepole_Pine
24263,2911,18,10,216,9,2173,213,220,143,552,Spruce_Fir
89859,3107,45,4,268,9,2338,221,231,146,2215,Spruce_Fir
104917,3097,44,29,295,50,4943,212,164,68,2657,Spruce_Fir
36416,3210,23,7,540,66,6257,216,225,145,1266,Spruce_Fir
8650,3008,47,8,566,43,5499,223,223,135,5827,Spruce_Fir
42137,2900,65,19,108,14,5994,234,197,87,4660,Lodgepole_Pine
97121,2835,117,16,95,3,1112,245,224,103,1770,Lodgepole_Pine
60247,2521,200,25,162,47,983,201,252,172,1104,Lodgepole_Pine
7941,3086,41,18,573,299,1048,219,197,106,1320,Spruce_Fir
60555,2953,266,11,42,5,390,192,245,192,984,Spruce_Fir
3558,3095,37,24,108,23,1470,212,180,92,331,Spruce_Fir
1279,2855,102,10,255,11,2973,237,227,120,2746,Lodgepole_Pine
96804,2814,102,21,573,185,2647,249,208,78,1936,Ponderosa_Pine
10835,2785,151,18,95,29,607,240,237,120,2836,Lodgepole_Pine
41803,2713,2,21,323,44,1395,185,194,141,2658,Lodgepole_Pine
110382,2215,323,9,0,0,1140,196,230,174,350,Cottonwood_Willow
7932,3205,77,8,342,10,872,231,225,127,1158,Lodgepole_Pine
5449,3092,37,7,60,5,3813,220,224,140,1673,Lodgepole_Pine
84679,3201,117,17,510,63,569,246,222,99,1992,Lodgepole_Pine
39516,3183,46,18,124,14,4282,223,199,104,3413,Spruce_Fir
89620,2970,65,7,324,50,3692,227,226,134,2018,Lodgepole_Pine
100634,3532,262,25,400,181,3361,152,243,225,1231,Spruce_Fir
1112,2750,56,7,210,63,1707,225,225,134,573,Lodgepole_Pine
95005,2639,359,21,60,26,1415,183,195,146,1760,Douglas_fir
60813,3031,210,8,360,85,3196,214,248,169,1100,Aspen
74650,2470,105,18,258,110,774,248,214,88,1188,Ponderosa_Pine
90992,2906,281,7,150,6,5257,200,241,180,4836,Lodgepole_Pine
89061,3279,342,19,297,87,1537,178,208,168,2694,Spruce_Fir
23016,2708,50,20,192,47,1865,224,191,92,1031,Lodgepole_Pine
39246,3006,80,9,218,20,953,233,223,122,2364,Lodgepole_Pine
108648,3189,114,3,67,-1,5538,224,236,147,3081,Lodgepole_Pine
5565,2909,316,14,30,14,2701,182,227,185,560,Spruce_Fir
4304,2940,303,21,313,62,2040,156,224,207,1425,Lodgepole_Pine
59692,2975,298,14,42,3,3398,180,234,194,1905,Spruce_Fir
99092,2891,104,9,30,1,5020,236,229,124,1338,Lodgepole_Pine
48878,2645,192,35,90,30,1249,194,241,153,2343,Lodgepole_Pine
102552,3163,130,4,408,56,5376,226,237,145,421,Lodgepole_Pine
18109,3147,201,18,934,286,4331,210,253,172,1530,Lodgepole_Pine
90424,3359,267,8,85,3,4986,200,244,183,3694,Krummholz
66178,3004,145,18,576,5,5311,242,234,115,2980,Lodgepole_Pine
27586,2829,22,37,42,31,4322,172,138,79,5184,Lodgepole_Pine
68143,2895,113,14,603,63,451,243,226,109,1235,Lodgepole_Pine
42415,3015,15,11,192,28,882,210,217,143,1892,Lodgepole_Pine
29109,2812,181,20,361,113,792,222,248,150,1940,Aspen
46975,2942,347,13,331,68,878,194,218,162,1865,Lodgepole_Pine
583,2515,82,9,175,23,430,233,225,124,3315,Lodgepole_Pine
106563,3296,281,14,769,173,3789,180,240,200,2205,Spruce_Fir
92203,3070,82,14,451,-13,4968,239,214,102,1370,Spruce_Fir
93758,2897,319,16,420,225,1155,176,224,187,726,Lodgepole_Pine
8648,3321,329,13,180,53,5419,189,225,175,930,Spruce_Fir
68075,2809,11,26,190,37,1530,183,178,123,1666,Lodgepole_Pine
102530,2778,4,18,150,37,566,194,203,144,2255,Lodgepole_Pine
27451,2226,217,28,85,39,994,180,253,195,531,Ponderosa_Pine
108649,3047,114,3,60,1,3077,224,236,147,600,Lodgepole_Pine
12273,3016,201,14,660,106,1962,213,252,170,2282,Lodgepole_Pine
107326,2865,11,11,391,41,2376,209,218,146,2244,Lodgepole_Pine
24774,3142,344,20,679,105,3903,177,206,165,2673,Lodgepole_Pine
99552,3113,358,7,420,28,642,209,227,156,932,Lodgepole_Pine
36233,2978,45,5,390,46,1969,221,229,144,792,Spruce_Fir
52092,3185,13,3,30,2,5193,216,233,154,1914,Spruce_Fir
42538,2739,258,8,0,0,1020,201,245,182,1504,Lodgepole_Pine
106817,3168,297,22,313,62,240,153,227,211,824,Spruce_Fir
37145,2965,38,6,589,149,1248,220,227,143,2440,Lodgepole_Pine
92277,2982,180,3,201,23,782,220,241,156,242,Lodgepole_Pine
1026,3372,5,13,541,85,2210,203,214,148,1434,Spruce_Fir
105100,3201,118,8,404,69,3055,234,233,130,3608,Spruce_Fir
83673,3290,160,13,124,23,1803,233,242,137,2971,Spruce_Fir
105259,3044,18,2,60,0,3005,217,234,154,450,Spruce_Fir
95007,2792,135,2,0,0,2539,222,238,151,2230,Lodgepole_Pine
98519,2927,288,14,124,26,3662,178,238,199,4803,Lodgepole_Pine
78435,3112,350,7,85,8,1101,208,228,159,1895,Spruce_Fir
46247,2032,17,30,134,111,162,181,164,106,417,Ponderosa_Pine
29143,2548,213,29,134,48,1172,180,252,192,1262,Ponderosa_Pine
40117,3070,103,8,335,29,2780,233,230,130,6375,Spruce_Fir
62994,3295,114,8,679,250,3697,235,232,129,2077,Spruce_Fir
36813,3170,210,12,192,0,2883,211,251,174,904,Lodgepole_Pine
28219,2961,146,15,633,82,2768,239,237,123,1898,Lodgepole_Pine
33217,2392,4,35,350,-20,782,152,150,117,1490,Ponderosa_Pine
35410,2858,22,20,671,301,1369,204,194,121,900,Lodgepole_Pine
71872,2885,226,15,228,75,1624,199,253,189,750,Lodgepole_Pine
46771,2411,92,11,361,21,957,238,222,114,960,Ponderosa_Pine
17169,3320,294,9,618,30,3714,194,238,184,1433,Spruce_Fir
13903,2902,62,19,192,52,3409,232,197,90,2345,Lodgepole_Pine
106836,3318,15,12,480,-13,1382,209,215,142,1850,Spruce_Fir
63625,2857,133,31,108,54,4819,251,208,60,4683,Lodgepole_Pine
58436,3390,24,6,216,13,3332,217,226,146,2226,Krummholz
54941,3086,125,4,283,36,3730,226,237,145,2910,Spruce_Fir
66423,3214,232,12,703,147,6198,201,251,186,1616,Lodgepole_Pine
43060,2149,17,35,150,27,582,170,146,93,547,Ponderosa_Pine
96218,2282,351,31,242,170,702,149,170,148,190,Ponderosa_Pine
74594,2853,219,20,162,46,1684,193,254,192,955,Lodgepole_Pine
59679,2560,14,18,85,9,1514,201,200,133,1383,Lodgepole_Pine
63867,3289,37,14,342,21,1650,219,208,122,4903,Spruce_Fir
55684,2872,127,19,760,142,2955,248,224,95,1702,Lodgepole_Pine
6932,3026,139,5,42,-1,860,228,238,144,1140,Spruce_Fir
16331,3095,346,12,192,12,3797,197,221,162,979,Cottonwood_Willow
30828,3246,33,17,258,43,876,214,200,117,1839,Spruce_Fir
85822,2519,309,28,85,38,1310,133,209,211,1841,Douglas_fir
12552,3163,18,12,242,57,908,210,214,139,2078,Spruce_Fir
83204,2198,339,25,30,22,765,159,196,171,616,Ponderosa_Pine
514,3248,189,24,247,89,2456,213,249,157,1123,Spruce_Fir
74617,3398,94,10,570,-25,2048,236,226,120,2830,Spruce_Fir
105613,2994,189,12,175,17,1777,220,249,160,3714,Spruce_Fir
4113,2885,105,33,255,141,2083,253,180,26,573,Aspen
41353,3235,63,19,124,26,1601,233,199,91,2641,Spruce_Fir
53955,2398,357,21,67,27,1430,182,197,148,457,Douglas_fir
23761,2893,294,49,424,-17,2796,0,172,240,297,Spruce_Fir
104584,2744,60,13,351,70,376,230,213,114,2347,Aspen
4176,2955,90,9,175,19,3715,235,225,121,6105,Lodgepole_Pine
81891,3045,17,20,883,176,2561,199,194,125,1591,Lodgepole_Pine
89964,2393,124,35,234,134,1423,253,191,34,534,Ponderosa_Pine
64850,2481,96,23,134,12,899,250,199,65,759,Ponderosa_Pine
77900,3050,243,5,0,0,2837,209,244,173,811,Spruce_Fir
107063,2779,11,31,127,10,2131,171,160,112,661,Lodgepole_Pine
44517,2936,33,7,658,177,2836,219,226,143,1261,Spruce_Fir
97411,3332,283,28,454,126,618,133,228,229,931,Spruce_Fir
7727,3097,84,20,85,14,930,244,201,78,2116,Spruce_Fir
74343,3197,64,6,60,6,5555,226,228,136,916,Spruce_Fir
39282,2847,63,34,450,209,895,227,151,29,700,Lodgepole_Pine
76848,2995,59,18,335,71,4472,231,201,97,2037,Lodgepole_Pine
89175,2916,234,11,153,20,5298,201,250,185,4679,Lodgepole_Pine
84775,2805,260,8,42,0,2190,200,245,183,2725,Spruce_Fir
92901,3136,82,16,295,-5,3879,241,209,94,4713,Lodgepole_Pine
18776,2090,275,34,124,88,268,112,225,241,201,Ponderosa_Pine
65570,2870,15,11,67,9,2801,210,216,142,2364,Spruce_Fir
2926,3022,126,12,85,8,2975,240,231,119,579,Spruce_Fir
53782,3052,51,6,30,0,3852,223,227,139,474,Spruce_Fir
102564,3028,90,23,162,36,3199,248,196,64,872,Spruce_Fir
9387,3346,288,9,457,78,3088,195,239,184,1902,Spruce_Fir
36917,2923,67,21,192,39,443,236,194,81,1677,Lodgepole_Pine
64023,3033,58,10,330,88,2941,228,218,123,1440,Spruce_Fir
16733,3215,26,11,443,32,3229,215,215,136,2761,Spruce_Fir
51993,3201,7,24,376,56,1782,183,185,131,1889,Spruce_Fir
8539,3225,189,24,850,133,430,213,249,157,2725,Lodgepole_Pine
3019,3166,45,15,384,44,4842,223,206,113,3073,Spruce_Fir
16008,3261,337,12,466,62,573,193,223,169,1158,Krummholz
33067,3145,183,12,95,13,1047,223,248,156,1691,Spruce_Fir
107126,2856,319,26,573,208,1110,145,207,197,1353,Lodgepole_Pine
79317,2855,301,23,201,59,1507,150,223,210,2643,Lodgepole_Pine
76738,3178,4,12,564,85,3824,204,218,150,2843,Lodgepole_Pine
48090,2979,34,11,30,1,1121,219,216,132,626,Lodgepole_Pine
109968,1971,307,41,90,85,120,83,181,221,218,Ponderosa_Pine
18483,3369,108,9,700,64,1044,236,230,125,5492,Spruce_Fir
5591,3306,41,5,787,171,702,221,229,144,2248,Lodgepole_Pine
109550,2932,60,4,242,17,5014,223,231,144,2585,Lodgepole_Pine
33692,2428,339,23,212,67,671,165,201,171,1289,Douglas_fir
17112,3195,207,22,192,50,1383,200,254,180,4422,Spruce_Fir
107716,2988,72,7,450,62,5225,228,227,133,6417,Lodgepole_Pine
59011,2648,23,23,95,30,2160,199,183,112,895,Lodgepole_Pine
59920,2969,332,17,127,15,4163,179,217,176,2309,Spruce_Fir
42614,2982,272,8,553,66,5476,199,243,182,4270,Lodgepole_Pine
21668,2845,32,10,190,68,1249,218,218,134,1687,Lodgepole_Pine
90445,2693,346,6,484,81,942,209,231,160,1300,Ponderosa_Pine
62810,2783,6,13,95,15,1590,204,215,147,2474,Lodgepole_Pine
105044,2909,107,18,42,13,4352,247,217,91,2746,Spruce_Fir
78635,3114,210,19,1006,114,3220,201,254,182,2230,Cottonwood_Willow
4696,3021,260,12,618,33,5815,191,246,194,4564,Lodgepole_Pine
17215,3290,144,4,210,0,1624,226,239,147,3257,Lodgepole_Pine
97357,3374,10,24,228,70,1981,187,184,127,2103,Spruce_Fir
79172,3001,40,16,285,-6,3649,220,202,112,5823,Spruce_Fir
66994,1972,299,29,277,116,240,128,215,221,854,Douglas_fir
1859,2932,58,39,234,124,1231,216,130,0,931,Lodgepole_Pine
73647,3222,325,14,339,73,700,185,224,179,1851,Lodgepole_Pine
41212,3397,67,24,150,5,3573,235,184,67,2676,Aspen
109165,2891,73,17,67,19,4315,237,206,94,3603,Lodgepole_Pine
21576,2969,8,36,277,110,277,156,146,108,1831,Spruce_Fir
4050,3041,112,14,134,20,780,244,224,106,1337,Spruce_Fir
50815,3297,283,24,503,191,450,148,233,222,883,Spruce_Fir
32667,2761,59,12,162,31,2484,229,215,117,2162,Ponderosa_Pine
62188,2849,113,13,450,116,3256,242,226,110,2839,Lodgepole_Pine
52671,3037,250,17,30,6,1638,181,250,205,488,Lodgepole_Pine
11956,2787,194,20,67,9,4237,213,252,165,5223,Lodgepole_Pine
101016,2915,213,24,180,86,2404,190,254,189,2032,Lodgepole_Pine
22861,2698,24,8,30,0,1519,216,224,144,912,Lodgepole_Pine
83998,2459,118,26,300,122,404,254,206,62,900,Ponderosa_Pine
36598,3153,214,20,481,69,240,198,254,186,2259,Lodgepole_Pine
54796,2797,207,25,277,116,1253,195,253,182,1657,Lodgepole_Pine
107435,3035,68,11,365,66,5346,232,218,117,953,Lodgepole_Pine
66827,3299,331,12,579,160,2355,192,225,172,67,Spruce_Fir
44140,2682,349,20,350,-28,2791,178,202,159,2496,Lodgepole_Pine
54487,2591,104,4,218,-5,420,226,234,143,6239,Aspen
61032,3256,46,30,256,85,5370,214,161,63,1440,Lodgepole_Pine
77551,2456,311,22,400,22,794,153,218,202,1182,Douglas_fir
47655,2311,56,22,210,64,1041,228,188,82,811,Douglas_fir
25806,3083,45,2,484,84,5463,220,234,151,3494,Lodgepole_Pine
42507,2159,271,31,283,144,350,125,232,237,430,Ponderosa_Pine
67109,3231,96,15,108,25,60,243,217,99,700,Lodgepole_Pine
3439,3071,34,15,319,45,2737,216,205,120,1230,Spruce_Fir
51017,3239,93,21,90,8,2362,248,203,73,553,Douglas_fir
26757,2815,7,13,793,81,420,204,214,146,1080,Lodgepole_Pine
37212,3152,323,23,390,131,2694,154,209,191,2634,Spruce_Fir
33890,2883,103,14,474,72,1719,242,222,106,2852,Lodgepole_Pine
80639,3208,251,17,391,73,335,181,250,205,2442,Lodgepole_Pine
83715,3219,304,5,162,12,1262,205,237,171,2642,Spruce_Fir
25932,2112,299,21,150,75,390,155,226,209,573,Douglas_fir
56607,2720,37,9,335,4,1299,220,219,134,1801,Lodgepole_Pine
68477,2991,49,15,391,157,1972,225,206,111,3034,Lodgepole_Pine
100798,2525,175,17,150,59,767,227,247,146,1074,Lodgepole_Pine
71847,3416,347,11,726,77,1463,198,222,162,1548,Krummholz
24666,3081,310,27,212,49,2664,138,211,208,2800,Spruce_Fir
62061,2310,337,10,0,0,366,197,225,167,847,Ponderosa_Pine
99789,2732,63,4,182,24,1075,224,231,143,2268,Krummholz
63737,3185,337,10,674,92,3162,197,225,167,3373,Spruce_Fir
86217,2187,205,4,0,0,882,217,243,162,395,Cottonwood_Willow
73422,3044,26,6,30,7,6526,217,227,146,3076,Lodgepole_Pine
9730,3234,5,8,446,39,1080,210,224,152,1516,Spruce_Fir
67978,3294,251,11,277,35,3463,195,248,191,1749,Spruce_Fir
33372,2907,194,19,175,-3,1620,214,252,165,1348,Lodgepole_Pine
65574,2941,177,18,85,23,1695,226,247,146,768,Lodgepole_Pine
105038,2964,97,14,67,11,4645,242,218,102,3142,Spruce_Fir
79683,2711,18,5,297,15,1920,216,229,150,6144,Lodgepole_Pine
50006,2937,94,6,162,10,4660,230,231,134,4367,Lodgepole_Pine
36612,2976,59,24,234,87,2054,230,183,73,1684,Spruce_Fir
87863,3258,265,11,514,115,4387,191,245,193,1222,Lodgepole_Pine
79240,3060,313,8,60,10,4175,198,234,176,2292,Lodgepole_Pine
47744,2702,148,20,42,3,2448,242,234,112,2187,Lodgepole_Pine
27776,2600,312,17,30,11,1380,173,226,192,914,Douglas_fir
31688,3372,293,16,994,95,1061,172,235,202,800,Spruce_Fir
77908,3425,2,30,218,121,4912,164,168,130,4155,Krummholz
28015,3309,154,12,524,121,1154,234,241,136,2497,Lodgepole_Pine
64274,2806,207,30,277,172,847,186,250,182,1676,Lodgepole_Pine
15332,2674,68,31,67,18,1693,233,163,38,1980,Lodgepole_Pine
95427,2995,5,17,513,-64,1026,195,204,144,1950,Lodgepole_Pine
36414,3231,28,5,150,17,5582,218,230,148,764,Lodgepole_Pine
78401,3210,262,16,624,144,6107,180,246,205,1892,Lodgepole_Pine
4297,2765,105,36,67,47,2040,252,170,12,664,Lodgepole_Pine
24877,2811,17,12,95,16,3320,210,214,140,932,Lodgepole_Pine
9024,3002,103,3,150,17,2101,225,235,145,1187,Lodgepole_Pine
110133,2715,135,10,335,77,2524,236,236,130,1036,Ponderosa_Pine
85243,3113,60,20,90,0,755,231,194,87,1655,Spruce_Fir
44136,2506,317,9,67,11,474,195,232,176,1486,Douglas_fir
21519,2972,1,30,366,117,366,163,169,131,1699,Spruce_Fir
45943,3038,99,19,150,29,4666,247,211,85,1944,Spruce_Fir
30898,3074,110,15,268,-21,816,245,221,101,811,Spruce_Fir
11536,3268,72,18,339,81,815,237,202,89,994,Krummholz
4592,2965,76,6,499,20,819,228,229,136,1956,Lodgepole_Pine
56503,3293,280,21,67,16,3934,159,238,216,1146,Aspen
27225,3027,104,26,342,160,6220,253,197,54,4015,Lodgepole_Pine
630,2772,10,10,339,60,2949,209,220,148,1245,Aspen
91323,2343,122,14,67,7,499,243,228,110,1410,Douglas_fir
31245,2952,50,24,283,109,1879,223,182,80,2971,Lodgepole_Pine
27055,3379,204,8,180,-11,2979,216,247,166,391,Spruce_Fir
20578,2934,60,15,170,44,4533,231,207,104,3678,Lodgepole_Pine
16791,3394,59,13,474,115,1973,229,213,115,1712,Spruce_Fir
70853,2695,40,4,0,0,2014,220,231,147,4058,Lodgepole_Pine
58928,2952,30,27,218,46,2638,201,171,93,1277,Lodgepole_Pine
45772,2198,10,13,277,59,571,205,213,143,1683,Ponderosa_Pine
96178,3128,338,11,703,111,1505,196,225,167,2222,Spruce_Fir
79117,3126,135,5,258,13,6584,228,238,144,2455,Lodgepole_Pine
47078,3166,157,4,361,0,997,224,240,151,2340,Spruce_Fir
51678,3239,180,8,319,39,3104,223,245,156,350,Spruce_Fir
70648,3147,213,11,469,81,5960,210,250,175,1883,Lodgepole_Pine
18195,3030,70,15,1061,232,3236,235,210,102,997,Lodgepole_Pine
1731,2965,262,24,150,79,6231,153,244,225,4812,Lodgepole_Pine
32266,2966,85,18,834,168,3194,243,208,88,787,Lodgepole_Pine
63807,3228,317,15,708,91,2336,178,225,186,604,Spruce_Fir
17605,2697,148,15,85,24,2058,238,238,125,5308,Lodgepole_Pine
92923,3011,190,9,636,101,1867,220,248,161,2250,Lodgepole_Pine
16741,3350,169,15,402,58,3019,230,245,141,1224,Spruce_Fir
10517,2962,247,12,458,66,5936,195,249,191,6351,Lodgepole_Pine
21704,2950,112,19,240,5,532,249,216,87,2666,Lodgepole_Pine
18137,2988,300,12,67,23,319,187,235,188,362,Spruce_Fir
52928,3155,108,6,379,21,4402,231,233,136,1979,Lodgepole_Pine
95382,3054,105,11,256,55,5228,239,226,116,3435,Lodgepole_Pine
71495,3088,97,30,779,283,779,252,181,34,1640,Lodgepole_Pine
107671,2606,16,16,365,192,313,204,205,134,902,Lodgepole_Pine
31427,1991,49,40,85,71,124,204,125,21,379,Ponderosa_Pine
38663,3167,257,9,210,40,5756,200,246,185,2550,Lodgepole_Pine
101824,3171,112,9,351,55,450,235,231,127,2408,Spruce_Fir
102874,3145,123,16,598,97,2695,245,226,104,2951,Lodgepole_Pine
80418,3295,96,17,170,32,1146,245,214,92,1198,Spruce_Fir
24909,3129,13,11,400,37,1639,209,217,144,2773,Spruce_Fir
81497,2588,120,8,42,-4,3055,234,234,132,2462,Spruce_Fir
23484,3185,29,12,735,13,4239,216,213,132,2024,Spruce_Fir
120,3027,28,10,258,3,4093,216,217,136,3616,Spruce_Fir
77,2987,266,6,361,70,4582,204,243,177,1979,Lodgepole_Pine
109962,2153,339,18,240,89,503,179,212,170,474,Ponderosa_Pine
33003,3144,353,15,42,9,3115,192,212,156,2274,Spruce_Fir
100342,3032,87,12,256,14,1795,238,220,111,1698,Spruce_Fir
19785,2320,292,32,85,18,1380,115,215,231,779,Ponderosa_Pine
34740,3365,75,20,242,80,1842,240,198,80,1776,Spruce_Fir
31288,2311,167,18,361,130,1195,232,244,135,1168,Cottonwood_Willow
108371,3189,188,18,467,9,2132,219,250,159,1844,Lodgepole_Pine
49555,2204,331,31,228,119,1082,131,184,183,591,Ponderosa_Pine
94918,3141,195,9,469,104,2142,219,248,163,969,Lodgepole_Pine
96458,3259,303,15,849,41,3419,178,231,194,1084,Spruce_Fir
82475,2573,9,24,150,39,1341,185,184,129,1560,Ponderosa_Pine
81536,2121,355,20,30,11,680,183,201,152,511,Ponderosa_Pine
29828,2834,311,28,67,39,4781,135,208,208,4817,Lodgepole_Pine
25851,3472,42,27,771,257,2438,212,171,78,1816,Spruce_Fir
95309,2997,234,16,319,-38,2307,191,252,196,1245,Lodgepole_Pine
21261,3171,291,20,297,100,3331,161,233,210,3167,Spruce_Fir
70043,3212,31,18,474,78,2207,213,199,117,2542,Spruce_Fir
14306,3168,76,15,430,75,3132,237,212,102,3279,Spruce_Fir
44909,3391,239,15,552,154,3432,191,252,197,424,Spruce_Fir
7174,2949,225,9,351,85,1788,208,249,178,1110,Lodgepole_Pine
109295,2932,22,9,60,3,3987,214,220,141,5034,Lodgepole_Pine
1797,3081,6,15,420,222,774,201,211,146,3053,Lodgepole_Pine
73433,3125,15,11,30,0,1409,211,218,143,2371,Spruce_Fir
71993,2954,76,14,30,5,731,236,214,106,2602,Spruce_Fir
23297,2995,330,21,430,93,3279,164,209,181,1570,Spruce_Fir
61955,2363,93,14,127,14,532,242,217,102,722,Ponderosa_Pine
6721,2469,69,31,256,110,658,235,163,37,700,Lodgepole_Pine
50424,2592,75,15,242,72,1104,237,210,100,696,Lodgepole_Pine
64873,3571,331,6,247,78,1699,205,232,166,1380,Krummholz
105618,2960,296,33,170,60,774,111,210,229,2650,Spruce_Fir
10149,2984,86,25,201,-29,2873,246,190,58,1265,Spruce_Fir
66210,3211,150,18,60,13,1641,241,236,118,1544,Lodgepole_Pine
8219,2932,315,7,300,128,4962,201,234,172,4876,Spruce_Fir
48230,3256,169,15,218,38,3081,230,245,142,2223,Douglas_fir
53078,3122,29,11,30,2,1866,216,216,134,1937,Lodgepole_Pine
39756,3143,139,9,573,106,1950,234,238,135,914,Lodgepole_Pine
83106,2716,35,14,268,7,979,218,209,124,2012,Lodgepole_Pine
68961,3297,194,21,108,14,2185,212,252,164,3722,Spruce_Fir
94821,3091,270,19,564,161,6120,168,243,213,1530,Spruce_Fir
47084,3467,336,31,339,175,1230,138,182,174,1666,Spruce_Fir
30582,2942,20,16,979,99,2478,208,205,131,1020,Lodgepole_Pine
22430,2519,262,22,228,92,1253,159,245,221,598,Douglas_fir
59394,3040,92,16,85,3,2658,243,214,0,947,Spruce_Fir
8459,3214,29,19,285,93,4006,210,195,115,1956,Spruce_Fir
86361,2699,72,5,0,0,2316,226,230,138,5261,Lodgepole_Pine
57116,3280,333,26,255,59,2151,153,198,179,3089,Spruce_Fir
38472,2883,264,26,450,-53,3463,145,241,229,1465,Lodgepole_Pine
27587,2986,98,21,540,176,553,249,206,76,918,Lodgepole_Pine
76153,2969,11,17,283,27,2037,200,203,137,2942,Lodgepole_Pine
15997,3174,45,20,560,255,1935,221,192,97,2676,Spruce_Fir
20473,3268,7,14,469,75,1222,202,212,145,362,Spruce_Fir
7627,3057,30,9,576,190,6393,218,220,138,3756,Lodgepole_Pine
17122,3384,321,20,474,163,875,165,217,190,1266,Spruce_Fir
20149,2843,55,9,0,0,2636,226,221,128,2069,Spruce_Fir
16252,3107,103,32,134,27,2791,253,180,29,3648,Spruce_Fir
39297,2696,56,7,60,0,1406,225,225,134,600,Lodgepole_Pine
52876,2991,93,13,120,16,3045,240,220,108,6567,Spruce_Fir
63600,3140,326,26,162,65,4165,147,201,188,890,Spruce_Fir
102374,2503,73,26,60,34,973,239,181,56,902,Ponderosa_Pine
64232,3080,325,15,190,3,2135,181,222,180,1645,Spruce_Fir
6596,3080,86,16,180,27,4702,242,211,95,2929,Spruce_Fir
16973,3155,64,6,150,16,2905,226,228,136,3556,Spruce_Fir
64442,2929,308,15,418,23,5484,177,229,192,2100,Lodgepole_Pine
28018,3004,216,15,892,204,2791,204,253,182,1431,Lodgepole_Pine
11425,2271,338,37,242,133,979,117,162,168,459,Ponderosa_Pine
38276,2998,67,8,642,13,4424,228,224,129,3132,Spruce_Fir
32058,3224,201,13,474,114,1510,214,251,169,2442,Spruce_Fir
64,2535,210,23,108,28,1410,195,254,184,1328,Lodgepole_Pine
28283,3024,37,14,1100,226,2915,219,209,123,953,Lodgepole_Pine
52632,2913,53,7,124,10,4731,224,225,135,1528,Lodgepole_Pine
49283,3360,122,13,218,27,966,242,229,115,3814,Spruce_Fir
8898,3276,101,5,319,17,6090,228,233,139,417,Spruce_Fir
73720,2405,53,28,67,23,661,222,168,62,642,Douglas_fir
93351,2879,53,9,680,83,2121,226,220,128,1092,Lodgepole_Pine
10549,2557,40,24,175,80,1136,215,181,90,1486,Lodgepole_Pine
63171,2913,130,12,175,20,5263,240,233,121,4640,Lodgepole_Pine
23061,2767,354,12,212,12,1421,200,219,157,607,Lodgepole_Pine
13096,3252,294,3,450,109,4562,211,238,165,953,Lodgepole_Pine
20682,3315,333,2,470,87,3912,214,236,160,1413,Spruce_Fir
73941,3047,318,20,624,30,1681,164,218,192,779,Lodgepole_Pine
108804,2552,344,12,42,10,983,196,222,164,5073,Lodgepole_Pine
32095,3033,35,30,376,105,2735,201,160,77,1481,Lodgepole_Pine
88723,2752,281,19,42,7,2281,165,238,211,703,Spruce_Fir
110245,2194,25,37,67,41,582,176,136,71,417,Douglas_fir
4038,2964,26,13,153,19,1919,213,211,131,3295,Spruce_Fir
74181,3373,112,14,510,70,1914,243,225,108,2964,Spruce_Fir
53410,3021,117,13,658,-42,1140,241,228,114,1215,Lodgepole_Pine
52438,2991,47,10,350,8,2363,224,217,127,2525,Lodgepole_Pine
10117,3246,171,5,384,32,4684,223,242,154,757,Lodgepole_Pine
13412,2536,22,28,108,36,1830,192,170,102,924,Douglas_fir
77339,2820,53,29,351,153,371,222,164,57,1879,Lodgepole_Pine
25604,3243,344,3,469,214,2889,213,234,159,2989,Spruce_Fir
37804,3005,343,14,335,95,1691,190,218,165,2490,Lodgepole_Pine
58397,1931,214,7,0,0,30,213,247,0,433,Ponderosa_Pine
92926,2702,295,23,108,26,1694,149,227,215,1237,Lodgepole_Pine
51698,2529,32,8,201,16,1273,219,224,141,4243,Lodgepole_Pine
12386,3303,35,11,955,187,1652,219,215,130,2835,Douglas_fir
8883,3061,227,17,339,42,5730,194,253,193,1891,Lodgepole_Pine
59848,2641,45,10,124,13,1291,223,219,130,5375,Lodgepole_Pine
61823,3144,347,13,85,10,2722,194,218,162,618,Spruce_Fir
75758,2855,41,5,201,18,2885,220,229,145,3900,Lodgepole_Pine
103057,2273,249,30,474,135,484,143,245,229,1746,Ponderosa_Pine
53313,3125,11,20,277,38,1616,194,195,133,2026,Spruce_Fir
22127,2619,202,27,190,15,1848,197,252,175,1554,Ponderosa_Pine
59974,3144,190,17,488,132,2065,218,251,161,1924,Lodgepole_Pine
25100,2829,34,12,450,62,1871,218,214,130,1140,Lodgepole_Pine
48454,2575,175,21,210,66,2047,227,246,141,850,Ponderosa_Pine
34716,3222,124,14,150,-13,4564,242,229,114,2103,Spruce_Fir
102631,3236,91,14,484,112,579,241,217,102,888,Spruce_Fir
26111,3429,329,11,446,60,4843,194,227,172,4308,Krummholz
17942,3096,135,15,309,72,3395,243,232,115,2875,Spruce_Fir
62592,3168,346,9,256,40,4663,203,227,162,2474,Lodgepole_Pine
10810,3015,29,22,691,246,1816,206,185,106,2197,Spruce_Fir
73832,3221,137,12,297,38,3908,238,235,125,1899,Lodgepole_Pine
47847,2988,162,9,90,-6,5347,229,243,145,2021,Spruce_Fir
95354,3147,127,14,85,9,2326,243,230,113,3050,Spruce_Fir
97519,2975,49,13,60,7,3353,225,211,117,6165,Lodgepole_Pine
50735,2543,336,3,30,6,594,213,235,160,1071,Lodgepole_Pine
14550,2775,169,7,85,3,2974,226,243,151,6353,Lodgepole_Pine
57545,3211,225,4,484,30,5857,215,243,166,2416,Aspen
80922,3242,302,16,247,32,417,173,231,197,886,Spruce_Fir
10344,3026,191,18,212,40,1736,216,251,162,309,Spruce_Fir
105560,3235,135,26,690,81,1176,250,218,79,2438,Spruce_Fir
24766,3424,263,24,330,114,3634,153,243,225,1041,Spruce_Fir
77691,3224,81,11,711,108,1986,235,221,117,2742,Spruce_Fir
46330,3098,137,31,582,217,994,249,211,64,2719,Spruce_Fir
89360,3056,101,6,85,2,3381,230,232,135,696,Spruce_Fir
60447,2678,196,21,201,67,1900,210,252,167,1434,Lodgepole_Pine
16719,3227,294,17,331,102,1224,168,233,204,2110,Spruce_Fir
82148,3018,223,12,457,221,2791,204,251,183,1693,Spruce_Fir
61685,3056,342,13,95,10,4702,192,219,166,600,Lodgepole_Pine
55748,3291,176,14,153,23,3342,226,247,150,664,Spruce_Fir
52307,3180,180,10,150,10,2115,224,246,155,1761,Spruce_Fir
12881,2701,324,18,85,15,1082,174,219,184,2454,Lodgepole_Pine
53538,3085,81,19,594,218,1991,242,204,85,2754,Spruce_Fir
71390,2157,190,19,0,0,1075,217,251,160,824,Cottonwood_Willow
72081,2966,120,32,134,76,2638,254,196,43,1758,Spruce_Fir
27713,3097,315,3,510,12,1180,212,237,163,1189,Spruce_Fir
22645,2759,85,11,339,0,957,236,221,114,2524,Spruce_Fir
33194,2920,164,20,67,17,4890,234,242,129,297,Lodgepole_Pine
56728,2960,324,12,162,30,1468,189,227,177,3270,Spruce_Fir
406,2376,218,30,150,106,1277,173,251,199,525,Douglas_fir
99742,3000,86,25,90,25,1936,246,190,58,3705,Spruce_Fir
26354,3036,42,7,810,115,1410,222,224,137,566,Spruce_Fir
87318,3427,292,12,541,88,1648,186,238,191,782,Krummholz
65940,3193,15,17,379,87,1057,203,204,134,2112,Spruce_Fir
38795,2906,188,7,108,11,4266,221,246,159,3863,Lodgepole_Pine
103377,3205,130,12,417,33,4581,240,233,122,1677,Spruce_Fir
9867,3211,163,15,212,60,853,233,243,137,2479,Lodgepole_Pine
8830,3001,341,10,67,10,6101,199,225,165,3376,Lodgepole_Pine
57270,2927,77,3,696,292,698,224,233,145,450,Lodgepole_Pine
59060,3088,143,21,600,47,1060,245,230,104,1950,Lodgepole_Pine
44620,3161,353,9,240,-24,1423,204,224,158,871,Lodgepole_Pine
66609,3338,311,10,499,93,3327,193,233,180,3395,Krummholz
48756,3149,186,19,258,43,5470,219,250,156,1358,Lodgepole_Pine
13749,2931,24,14,108,23,2305,212,209,132,1909,Spruce_Fir
100609,2892,136,20,85,19,698,247,227,99,1774,Lodgepole_Pine
4921,2349,83,18,95,34,306,242,206,86,1168,Douglas_fir
51366,3361,256,14,216,46,1848,188,248,198,1961,Spruce_Fir
20224,2581,90,15,268,-1,552,242,215,99,1120,Lodgepole_Pine
102502,3230,158,10,360,68,1351,231,242,141,2526,Spruce_Fir
23268,2590,224,14,258,109,1440,202,252,185,1365,Lodgepole_Pine
24859,2358,33,10,430,202,1284,218,218,135,626,Ponderosa_Pine
81385,2714,140,7,175,4,1296,231,238,140,726,Ponderosa_Pine
176,3020,75,24,582,209,720,240,188,65,882,Lodgepole_Pine
56500,3033,90,22,631,228,633,247,199,69,1627,Lodgepole_Pine
74713,3177,139,18,218,50,2105,244,231,108,3254,Spruce_Fir
82520,3046,99,11,30,-2,2613,238,225,117,2001,Spruce_Fir
12602,2769,45,5,0,0,2208,222,228,142,1224,Lodgepole_Pine
28744,2801,143,23,67,11,4466,245,228,99,4981,Lodgepole_Pine
19162,2692,349,12,85,19,1794,198,220,161,6373,Krummholz
45299,3377,104,9,42,0,1699,236,229,124,3309,Spruce_Fir
26538,3174,39,15,484,67,5770,219,206,118,908,Spruce_Fir
61779,2638,344,17,85,27,1633,183,211,164,4980,Lodgepole_Pine
36740,2942,297,26,258,102,5729,138,221,219,4785,Lodgepole_Pine
10373,3003,274,3,162,16,3960,211,240,167,872,Lodgepole_Pine
25577,3051,43,11,424,62,1451,222,217,128,2372,Lodgepole_Pine
25865,3194,8,18,170,19,1611,197,203,139,301,Spruce_Fir
67586,2820,177,20,30,8,2583,226,247,144,1939,Lodgepole_Pine
4208,2860,139,10,67,-4,1061,235,237,132,2438,Lodgepole_Pine
30436,3291,64,30,182,91,2581,231,166,46,408,Krummholz
75187,2959,148,9,342,84,4360,232,240,139,1693,Lodgepole_Pine
16137,2749,127,23,150,63,3279,251,218,82,6032,Aspen
18182,3272,138,19,426,91,1653,246,229,103,1242,Spruce_Fir
45533,2701,15,13,30,4,1261,208,213,141,1535,Lodgepole_Pine
39083,2476,341,30,175,65,573,145,182,167,1041,Lodgepole_Pine
42755,2662,160,15,408,57,600,234,242,134,108,Ponderosa_Pine
44906,2803,130,20,120,-8,666,248,224,95,277,Aspen
10822,3046,122,6,433,18,1489,230,235,138,2685,Lodgepole_Pine
96493,3198,192,19,95,9,3140,215,251,162,849,Spruce_Fir
58361,3109,5,10,42,5,3853,208,221,150,242,Spruce_Fir
46630,2824,48,17,242,47,1589,224,200,104,2635,Lodgepole_Pine
88015,3399,153,11,799,234,1421,233,241,138,1055,Spruce_Fir
25978,3284,331,7,663,9,2271,203,231,167,819,Spruce_Fir
47120,3504,314,31,192,102,3267,124,199,207,1471,Spruce_Fir
41051,3457,320,17,713,88,2107,173,221,187,603,Krummholz
104018,2608,22,5,90,0,787,217,229,149,5727,Lodgepole_Pine
40033,3236,222,6,537,2,541,213,246,170,541,Spruce_Fir
86248,3221,93,5,162,-8,4494,227,233,140,849,Spruce_Fir
107166,2824,309,10,240,108,1348,192,233,182,1321,Lodgepole_Pine
134,3220,207,2,495,36,541,218,241,160,1600,Lodgepole_Pine
48469,2584,60,5,190,25,1054,224,229,140,1552,Lodgepole_Pine
57219,3155,355,22,313,62,3059,179,196,151,3304,Spruce_Fir
32057,2970,141,3,0,0,1765,224,238,150,3690,Spruce_Fir
32127,2988,61,11,408,13,3226,229,217,120,5941,Spruce_Fir
38380,2849,299,39,698,478,787,86,193,231,2343,Lodgepole_Pine
57348,3298,259,19,1084,377,3564,172,247,212,2525,Lodgepole_Pine
64078,2727,179,13,67,12,1033,225,247,152,467,Douglas_fir
8025,2952,208,19,192,59,5133,202,254,180,1129,Lodgepole_Pine
12234,2914,7,20,228,116,242,191,195,137,589,Lodgepole_Pine
97753,2702,285,5,480,-8,895,207,240,172,1575,Ponderosa_Pine
41219,2362,41,28,210,92,752,210,166,74,722,Douglas_fir
49291,3127,66,12,95,13,5304,232,215,114,3030,Lodgepole_Pine
66659,3278,348,27,42,7,2498,159,184,156,2762,Spruce_Fir
5237,3057,104,18,430,190,6267,247,215,90,3913,Lodgepole_Pine
8063,3009,359,22,85,19,1570,182,194,146,1480,Lodgepole_Pine
53887,2233,303,21,228,109,1099,158,225,205,644,Ponderosa_Pine
34104,3102,181,10,150,14,1950,224,247,155,430,Lodgepole_Pine
59360,2180,332,19,0,0,1050,172,212,178,499,Krummholz
9520,2622,9,17,30,10,1900,199,205,140,4608,Lodgepole_Pine
23695,2995,10,9,503,30,5264,210,221,148,5532,Lodgepole_Pine
59572,2762,61,30,60,-13,170,228,165,49,1362,Aspen
42318,2516,339,16,300,148,875,184,215,169,1471,Lodgepole_Pine
41778,3245,319,13,603,46,671,185,227,182,1003,Spruce_Fir
24438,2777,352,13,85,7,268,197,218,158,1150,Lodgepole_Pine
3198,2936,54,6,573,18,5460,224,227,138,2090,Lodgepole_Pine
64937,3201,154,30,400,126,3471,239,226,94,902,Lodgepole_Pine
85495,2968,327,18,175,50,4555,172,216,182,2183,Lodgepole_Pine
26660,2661,72,20,210,-8,1127,239,196,80,1771,Lodgepole_Pine
36942,3106,162,35,451,125,1950,229,224,95,1463,Lodgepole_Pine
8277,3114,345,9,242,38,2079,202,225,162,2368,Lodgepole_Pine
67920,2975,353,11,242,76,3432,201,221,158,2029,Lodgepole_Pine
12931,2828,166,10,150,27,2753,229,244,147,2471,Lodgepole_Pine
60380,2329,331,27,60,20,175,145,194,183,90,Ponderosa_Pine
82053,3231,346,25,402,91,3782,162,191,161,2029,Spruce_Fir
52400,3008,355,10,350,26,1822,204,222,157,1575,Lodgepole_Pine
31515,2829,169,19,300,6,690,231,244,138,499,Aspen
66989,3317,90,26,85,23,2103,249,188,51,816,Krummholz
72437,2750,94,7,30,-5,1209,231,230,132,899,Aspen
9287,2477,302,4,247,33,631,207,238,169,1301,Douglas_fir
56298,2929,210,13,757,289,1140,209,252,176,1753,Lodgepole_Pine
92409,2772,94,7,443,36,1651,231,230,132,2898,Lodgepole_Pine
75348,2873,318,19,666,225,1146,165,219,192,1261,Lodgepole_Pine
31010,2527,45,11,351,95,1019,223,215,125,1262,Ponderosa_Pine
91917,3249,270,9,841,182,6333,198,243,185,1608,Lodgepole_Pine
59613,2799,121,11,277,15,1937,239,231,120,1082,Lodgepole_Pine
4606,3259,70,17,212,44,1842,236,205,96,2347,Spruce_Fir
26696,2858,63,10,330,115,1240,229,221,124,1230,Lodgepole_Pine
61858,2676,52,8,582,9,781,225,223,132,1677,Lodgepole_Pine
72513,3527,59,17,858,312,2431,231,202,98,1579,Spruce_Fir
54399,2913,357,14,242,-15,5378,197,213,153,3936,Lodgepole_Pine
107361,2660,349,10,182,28,900,202,224,160,1699,Lodgepole_Pine
4139,3221,191,18,268,42,685,217,251,162,1136,Spruce_Fir
68155,3001,81,11,451,227,4401,235,219,114,696,Lodgepole_Pine
9159,2917,165,18,330,79,825,233,243,133,2147,Aspen
31302,2971,315,37,297,154,1080,100,182,208,1328,Spruce_Fir
108114,2975,351,10,510,56,4910,203,224,159,5361,Lodgepole_Pine
31484,3227,67,9,402,23,5417,229,222,125,1333,Spruce_Fir
43788,2993,275,11,391,78,2812,189,243,193,1546,Lodgepole_Pine
77658,2732,59,26,390,205,977,229,177,66,872,Lodgepole_Pine
24656,2882,15,13,216,46,2719,208,212,139,2588,Lodgepole_Pine
45941,2708,90,10,124,23,2032,236,224,118,6593,Lodgepole_Pine
22180,3291,270,1,666,45,711,216,238,160,1283,Spruce_Fir
65118,3279,43,17,417,45,1530,221,200,109,2340,Spruce_Fir
8968,3267,87,15,295,101,1528,241,213,98,1489,Lodgepole_Pine
43031,2069,338,26,295,146,335,156,194,172,624,Ponderosa_Pine
50353,3432,197,22,666,-34,3429,208,252,168,2561,Spruce_Fir
62959,3262,319,18,382,111,2594,171,220,189,268,Spruce_Fir
11281,3096,0,26,642,20,2817,173,183,139,2610,Lodgepole_Pine
42417,2958,136,19,351,112,2298,246,229,104,1450,Lodgepole_Pine
78337,3165,73,9,331,25,1920,231,223,124,3090,Lodgepole_Pine
28068,3086,346,4,30,1,1256,212,233,159,1595,Spruce_Fir
93812,3325,333,33,192,78,871,127,177,178,1436,Spruce_Fir
82461,3039,128,16,90,-1,1019,244,229,109,973,Cottonwood_Willow
100813,2724,349,4,42,0,1277,213,233,158,2290,Lodgepole_Pine
25695,2349,344,23,210,91,618,168,198,164,509,Ponderosa_Pine
97152,3376,54,20,646,27,3548,227,192,89,1703,Krummholz
17342,3282,22,17,679,181,3161,207,200,126,700,Spruce_Fir
94999,3220,317,19,360,81,2352,168,221,191,212,Spruce_Fir
96716,3270,37,16,365,44,3684,218,203,117,1621,Spruce_Fir
98180,2885,346,14,67,11,1131,192,217,162,2096,Spruce_Fir
61850,2626,140,32,192,68,1290,248,212,66,582,Lodgepole_Pine
35643,3285,302,8,150,18,5918,199,237,177,511,Spruce_Fir
5073,2544,288,13,313,117,1165,183,239,195,577,Douglas_fir
85528,3234,107,16,664,33,3992,246,219,98,2802,Spruce_Fir
94874,2960,158,13,390,39,4950,234,242,136,2761,Lodgepole_Pine
99777,2389,345,21,426,199,1440,175,203,163,514,Ponderosa_Pine
108386,2958,58,6,319,19,2468,225,227,137,2280,Lodgepole_Pine
23620,3107,333,24,30,7,3169,158,202,179,595,Aspen
66412,2446,92,18,309,174,1209,245,209,86,750,Ponderosa_Pine
79050,2643,299,51,150,86,1761,0,159,233,1371,Douglas_fir
53153,2848,109,11,0,0,4107,239,228,119,3450,Spruce_Fir
28313,3133,307,2,218,-1,3833,213,237,163,1395,Spruce_Fir
85597,2690,84,9,216,8,277,233,225,125,1172,Lodgepole_Pine
35370,3273,81,14,466,49,1248,238,214,104,2207,Spruce_Fir
17619,3097,343,16,255,58,2910,187,215,166,2405,Spruce_Fir
76456,2859,97,19,162,55,175,247,210,85,1254,Spruce_Fir
68846,2784,3,25,319,161,1074,178,183,136,938,Douglas_fir
61398,3289,32,9,242,39,2026,218,220,137,2542,Spruce_Fir
80178,2692,334,23,351,25,792,161,202,177,1770,Lodgepole_Pine
28823,2768,314,13,134,24,1673,184,229,185,1983,Lodgepole_Pine
16243,2965,274,11,42,11,1167,192,243,191,454,Spruce_Fir
106359,3344,265,8,306,28,3660,199,244,184,1999,Spruce_Fir
8992,3146,112,5,1237,203,3034,229,234,139,1594,Lodgepole_Pine
2519,2846,25,14,591,33,3428,213,210,131,2594,Lodgepole_Pine
103861,2774,58,23,391,100,420,229,184,75,2311,Aspen
83492,3442,207,10,840,49,3446,214,249,170,335,Spruce_Fir
13689,3190,353,8,361,95,5024,207,227,158,2003,Spruce_Fir
101460,3297,334,17,685,79,3649,178,215,175,1316,Spruce_Fir
14436,2879,76,24,150,-50,457,241,187,62,2167,Lodgepole_Pine
58510,2789,357,8,120,5,2350,207,226,156,1308,Lodgepole_Pine
8268,3048,294,16,150,13,2772,174,234,200,1423,Lodgepole_Pine
56403,3312,123,11,510,17,997,239,231,121,2711,Spruce_Fir
90241,2963,310,4,417,43,5249,209,237,166,1989,Lodgepole_Pine
19637,3470,190,11,674,134,4039,220,248,161,3053,Krummholz
18746,3045,336,28,467,77,319,148,190,175,1036,Spruce_Fir
5158,3061,200,11,30,2,2773,216,250,167,1221,Lodgepole_Pine
69987,3033,11,8,467,123,2145,211,223,148,2746,Lodgepole_Pine
35279,3151,324,18,228,46,3719,172,218,184,3300,Spruce_Fir
97776,2562,162,12,30,3,962,232,243,141,1601,Lodgepole_Pine
27273,3244,198,3,513,65,4707,218,242,160,2836,Spruce_Fir
55804,3416,211,4,1036,210,1355,216,244,164,1825,Spruce_Fir
7284,3455,131,18,120,6,2058,246,227,102,3095,Spruce_Fir
105763,3306,63,20,446,91,2012,233,194,84,2322,Spruce_Fir
107184,2827,353,18,339,77,2461,186,206,156,721,Lodgepole_Pine
8902,3365,129,13,283,83,1948,241,232,118,2960,Spruce_Fir
107195,2696,334,25,85,27,2218,156,199,178,2484,Lodgepole_Pine
56191,3234,61,7,30,2,2362,226,225,133,2743,Spruce_Fir
39033,3842,31,7,1015,393,4685,218,225,143,2744,Krummholz
24068,2551,135,2,566,21,930,222,238,152,1115,Ponderosa_Pine
16555,3017,192,17,256,37,1761,217,251,163,3700,Spruce_Fir
50455,3227,18,20,134,15,2047,200,194,125,1786,Spruce_Fir
65838,2870,23,15,484,136,228,210,206,129,1068,Lodgepole_Pine
13602,3190,13,4,30,0,1895,215,231,152,1613,Spruce_Fir
94591,3096,37,14,601,21,1315,219,207,121,2750,Lodgepole_Pine
76226,2699,92,14,306,82,1170,241,218,105,534,Lodgepole_Pine
4581,2827,59,17,297,101,3654,230,203,101,5680,Lodgepole_Pine
39166,3139,13,18,616,135,4026,200,200,133,2567,Lodgepole_Pine
88546,2834,110,14,85,8,2496,243,224,107,2678,Spruce_Fir
22492,2933,177,20,636,101,658,225,247,145,1579,Aspen
52964,3206,204,18,30,4,2730,207,253,176,2612,Krummholz
18110,2484,46,19,30,0,911,222,195,101,1298,Lodgepole_Pine
109743,2605,211,34,180,-48,430,172,248,189,883,Lodgepole_Pine
86328,2141,332,34,285,248,313,123,176,180,153,Ponderosa_Pine
9942,2918,125,13,600,269,854,242,230,115,454,Lodgepole_Pine
105082,3165,23,5,365,52,3742,217,228,148,3360,Spruce_Fir
5858,2832,34,30,566,260,1320,200,159,77,807,Lodgepole_Pine
33711,2718,146,3,90,1,1950,224,239,150,1146,Lodgepole_Pine
34693,2938,238,15,127,39,4002,192,252,195,702,Lodgepole_Pine
24691,2357,59,15,247,66,467,230,208,107,510,Ponderosa_Pine
37250,3014,72,6,108,2,4023,227,228,136,1207,Lodgepole_Pine
106932,3213,4,12,95,22,4308,204,216,149,488,Spruce_Fir
103881,2730,323,14,190,76,2713,183,224,181,1230,Lodgepole_Pine
107083,2980,327,22,366,59,382,160,208,185,1399,Lodgepole_Pine
50881,3020,57,20,552,207,630,230,195,90,859,Lodgepole_Pine
3376,2348,226,32,124,78,1269,159,250,210,474,Douglas_fir
63529,2602,299,29,182,113,832,129,215,220,1116,Lodgepole_Pine
69097,2949,104,4,30,-3,2220,226,234,143,1624,Krummholz
55421,2554,85,10,85,7,875,235,223,119,742,Lodgepole_Pine
38431,2531,73,6,60,0,2514,227,229,136,2424,Douglas_fir
8811,3400,98,27,674,166,1988,252,192,51,1818,Lodgepole_Pine
86296,2206,61,18,247,85,534,232,200,94,162,Douglas_fir
26656,3060,0,15,474,6,3531,197,211,150,2846,Lodgepole_Pine
13997,3152,260,22,805,231,3407,163,246,218,2240,Spruce_Fir
91639,2546,333,29,180,95,674,140,188,179,1036,Lodgepole_Pine
31497,2916,135,16,30,3,4540,244,231,112,1718,Lodgepole_Pine
61079,3362,357,9,242,-1,1341,205,223,155,3652,Spruce_Fir
6680,3080,167,9,242,39,713,227,244,149,1528,Lodgepole_Pine
106803,3120,267,22,458,83,3280,160,243,219,1443,Spruce_Fir
13574,3263,321,12,633,-11,2395,188,228,179,626,Spruce_Fir
22489,3002,321,16,170,44,418,179,223,184,604,Lodgepole_Pine
17116,3260,130,8,467,55,3303,233,236,135,4472,Spruce_Fir
9731,2838,340,12,162,28,2305,193,221,167,2785,Lodgepole_Pine
36689,3229,173,23,95,21,4119,227,244,135,3161,Spruce_Fir
39309,3015,343,13,85,12,1983,194,220,165,1296,Spruce_Fir
1724,3023,101,35,553,-30,968,252,172,17,1383,Lodgepole_Pine
660,3326,219,7,0,0,3300,212,247,171,1844,Ponderosa_Pine
8775,2656,62,5,85,7,108,224,230,142,841,Lodgepole_Pine
17909,2578,179,13,134,10,2742,225,247,152,2197,Lodgepole_Pine
52898,2680,15,21,376,7,1920,197,192,126,2200,Lodgepole_Pine
33863,2916,66,20,400,244,1230,235,195,84,870,Aspen
87902,3001,152,7,474,52,2701,229,240,144,1530,Lodgepole_Pine
14948,3110,262,7,134,26,1260,204,244,179,1485,Spruce_Fir
63752,2639,204,17,285,0,1062,208,253,175,924,Ponderosa_Pine
18565,2883,349,46,192,21,2922,96,120,133,2584,Cottonwood_Willow
92459,2624,76,4,379,20,1922,225,232,143,677,Ponderosa_Pine
11712,2732,8,19,120,52,2992,194,198,138,6336,Lodgepole_Pine
27313,3124,335,20,335,87,2301,172,210,175,1131,Lodgepole_Pine
6592,3201,50,20,270,59,4082,224,193,94,3470,Spruce_Fir
24613,2958,38,19,192,57,2229,217,196,108,1770,Spruce_Fir
50051,3356,139,18,514,-6,618,244,231,109,577,Spruce_Fir
53925,2875,58,14,134,29,3195,230,209,109,2549,Krummholz
108319,2714,273,4,150,7,2018,209,241,170,4394,Lodgepole_Pine
34004,3017,331,12,216,19,1981,192,225,172,752,Lodgepole_Pine
84902,3018,259,10,819,40,5749,197,246,187,6131,Lodgepole_Pine
40576,3267,93,5,42,1,6030,227,233,140,457,Spruce_Fir
25148,3181,17,13,295,36,1566,208,211,138,849,Spruce_Fir
21406,3130,320,16,376,66,319,176,223,186,1634,Spruce_Fir
65493,2771,213,25,108,39,1515,190,254,189,2401,Aspen
95385,3302,116,19,553,79,3039,249,219,90,2790,Spruce_Fir
44827,2879,332,27,170,59,2554,149,196,180,782,Lodgepole_Pine
596,2748,46,19,127,52,127,222,195,101,2671,Lodgepole_Pine
47352,3453,119,7,793,168,2384,233,234,133,1266,Spruce_Fir
72385,3233,139,13,658,19,2995,239,236,124,3059,Lodgepole_Pine
11302,2623,21,10,60,-10,939,214,219,141,6052,Lodgepole_Pine
42712,2998,31,13,330,49,4302,216,210,128,5053,Spruce_Fir
82822,2868,84,7,300,57,1387,231,227,129,2995,Lodgepole_Pine
20027,3362,344,6,511,23,840,208,230,161,2280,Krummholz
88432,2157,260,33,85,54,564,123,236,240,693,Ponderosa_Pine
35449,2986,252,16,306,24,5833,183,249,203,1892,Lodgepole_Pine
29816,1972,3,37,180,123,153,147,146,117,726,Douglas_fir
1676,2972,348,9,60,-3,1371,203,225,161,684,Lodgepole_Pine
51988,2990,297,4,67,7,1847,208,238,169,3569,Spruce_Fir
482,3202,238,8,180,21,2906,207,247,178,1398,Spruce_Fir
51106,2291,319,21,339,121,624,162,216,192,457,Ponderosa_Pine
79029,2996,5,3,454,63,1599,216,234,155,2347,Krummholz
20626,3077,202,14,42,1,1723,212,252,171,592,Spruce_Fir
10353,2890,28,25,616,286,1198,201,176,99,708,Lodgepole_Pine
43937,3259,254,6,497,77,1277,206,244,176,2147,Spruce_Fir
34663,3119,95,15,108,13,3546,243,216,98,4204,Spruce_Fir
108221,2903,251,15,968,237,2405,186,249,201,1543,Lodgepole_Pine
106534,3236,157,5,295,21,865,226,241,149,1050,Spruce_Fir
3122,2770,206,10,268,47,3911,214,250,170,1891,Lodgepole_Pine
6063,2052,321,28,42,19,459,137,200,196,600,Ponderosa_Pine
58465,3418,328,27,240,93,3757,146,198,186,3690,Krummholz
92580,3180,129,19,182,22,2542,247,226,99,658,Spruce_Fir
58535,2991,238,10,849,95,5936,201,249,185,5881,Lodgepole_Pine
107821,2812,331,10,134,14,1800,197,228,170,1561,Lodgepole_Pine
45668,3079,333,6,67,4,2307,205,232,165,2139,Spruce_Fir
23507,2570,268,8,192,40,1288,200,243,182,1302,Aspen
87557,2273,117,27,150,79,872,254,205,60,1425,Cottonwood_Willow
48532,3031,53,5,0,0,4708,223,229,142,752,Spruce_Fir
10528,3324,237,16,390,103,1907,189,252,198,3339,Spruce_Fir
77744,2958,121,3,67,2,900,224,237,148,1570,Lodgepole_Pine
22396,3465,21,10,488,212,1146,214,219,141,1641,Krummholz
989,3285,201,18,870,15,3882,209,253,172,902,Douglas_fir
85585,3053,104,27,330,117,1617,253,194,50,2652,Spruce_Fir
89569,3214,82,12,424,95,618,237,219,111,800,Spruce_Fir
94226,3071,54,10,60,7,1276,226,218,124,1218,Spruce_Fir
42896,3235,160,6,552,28,1065,227,241,148,2333,Lodgepole_Pine
58355,3377,109,14,768,167,641,244,223,105,67,Krummholz
62231,3019,359,24,571,-6,721,178,189,143,1243,Spruce_Fir
17659,3183,281,9,309,-30,3220,196,241,185,1190,Lodgepole_Pine
18403,3221,79,10,577,13,3946,233,223,121,2934,Spruce_Fir
91903,2065,97,24,242,146,268,250,198,63,552,Ponderosa_Pine
2440,3320,83,8,391,78,902,232,226,127,1189,Krummholz
58620,2620,13,32,30,15,1980,172,158,108,7075,Lodgepole_Pine
79596,3154,315,11,134,21,4778,192,231,180,2596,Lodgepole_Pine
79982,3086,198,19,467,45,6005,210,253,169,1999,Lodgepole_Pine
86198,2959,38,11,421,46,4480,220,216,130,4161,Lodgepole_Pine
45425,2931,9,6,190,11,5070,213,227,152,2067,Lodgepole_Pine
106321,3146,82,16,757,145,2219,241,209,94,2793,Spruce_Fir
20897,3239,90,17,713,193,641,244,210,90,1924,Lodgepole_Pine
102195,2524,347,5,180,41,150,210,231,160,1717,Douglas_fir
53677,2816,76,14,190,34,2335,237,212,104,3422,Lodgepole_Pine
25619,2711,65,12,60,-6,2827,232,215,113,900,Lodgepole_Pine
38325,2761,55,13,85,7,2621,228,212,115,1831,Ponderosa_Pine
47076,3098,16,16,408,105,2694,205,206,134,2623,Lodgepole_Pine
89667,3010,133,8,30,-2,2962,233,236,135,1566,Spruce_Fir
73287,2645,86,10,297,-6,1307,235,223,119,830,Lodgepole_Pine
22449,3004,173,6,566,88,5540,224,243,154,1465,Lodgepole_Pine
33051,2862,321,17,295,67,1794,173,220,186,1634,Douglas_fir
19627,3142,85,12,277,62,3477,237,220,112,3095,Lodgepole_Pine
3535,3027,348,18,371,168,1015,185,209,161,3393,Lodgepole_Pine
80825,3257,88,26,124,26,2389,248,188,0,531,Krummholz
48813,2730,219,37,150,98,767,154,245,202,1549,Lodgepole_Pine
68185,2993,45,18,134,25,1928,222,197,103,3365,Spruce_Fir
46434,2159,41,25,95,31,750,214,178,85,816,Douglas_fir
69628,2456,326,22,272,78,713,162,210,186,480,Douglas_fir
54951,2586,199,25,258,150,242,203,252,171,774,Spruce_Fir
6238,2917,324,40,350,190,2730,92,165,194,390,Spruce_Fir
10867,2902,135,11,283,89,2072,238,235,126,1095,Lodgepole_Pine
5221,3220,120,14,150,-15,2466,243,228,111,3887,Spruce_Fir
109895,2398,57,19,170,-8,745,229,196,92,750,Ponderosa_Pine
57459,2336,243,35,503,6,785,131,242,231,854,Ponderosa_Pine
32557,2805,204,13,492,58,4027,212,252,172,1698,Lodgepole_Pine
100853,3172,317,25,446,103,382,147,209,198,1507,Spruce_Fir
42569,2908,52,17,300,95,3189,226,202,104,2081,Lodgepole_Pine
93215,2511,318,18,124,39,531,169,221,190,591,Lodgepole_Pine
46469,3271,83,13,481,9,4147,238,216,106,2508,Spruce_Fir
23381,2988,243,11,658,75,5729,199,249,187,3630,Lodgepole_Pine
10432,2945,207,23,67,41,2541,198,254,180,1732,Lodgepole_Pine
67548,2480,24,27,162,74,990,195,172,101,1124,Douglas_fir
65466,3045,13,9,124,23,2012,212,222,148,1477,Spruce_Fir
51665,2817,332,21,95,22,1598,168,209,178,1754,Douglas_fir
103244,3112,189,3,240,13,1266,219,241,158,2148,Spruce_Fir
78045,2869,10,18,190,42,703,198,201,137,558,Lodgepole_Pine
45911,3103,146,11,85,-2,6926,235,239,133,2527,Lodgepole_Pine
106105,3329,212,7,240,18,1075,214,247,169,1593,Spruce_Fir
62085,2950,183,17,335,19,1758,222,249,154,1134,Lodgepole_Pine
66712,3230,21,8,485,209,2665,215,223,145,2823,Lodgepole_Pine
15766,3316,131,10,499,82,1341,237,235,128,2177,Spruce_Fir
66305,2982,135,11,474,65,5470,237,235,127,2681,Lodgepole_Pine
59624,2863,52,21,30,10,618,226,191,89,216,Lodgepole_Pine
29074,3221,343,16,108,14,4308,186,214,166,1290,Spruce_Fir
33647,3475,92,25,319,78,2431,249,194,59,3690,Krummholz
39196,2912,231,22,95,29,2962,179,254,205,2135,Lodgepole_Pine
25858,3031,168,8,752,-91,6028,227,243,150,3118,Lodgepole_Pine
29246,2345,45,4,242,86,616,221,231,146,716,Ponderosa_Pine
60369,2670,16,12,180,-5,875,209,214,140,1813,Lodgepole_Pine
21876,3139,57,13,342,62,3492,228,213,116,3122,Krummholz
75330,3083,167,21,295,42,5444,232,242,131,1681,Lodgepole_Pine
51223,3048,4,14,408,15,1909,201,213,148,1382,Lodgepole_Pine
90582,2904,334,12,162,30,1060,193,224,170,2047,Lodgepole_Pine
36307,3188,270,33,127,29,693,117,229,241,2088,Spruce_Fir
14597,2859,135,13,365,78,771,240,234,120,2832,Lodgepole_Pine
79366,2780,351,34,210,70,3089,141,162,145,1745,Lodgepole_Pine
101105,3204,317,19,424,68,4117,165,219,192,841,Spruce_Fir
24780,3228,324,4,258,50,990,209,235,164,618,Spruce_Fir
79379,2939,261,12,351,33,5511,189,246,195,5084,Lodgepole_Pine
33223,3126,60,9,134,20,2819,228,221,126,3461,Spruce_Fir
87171,2078,6,21,240,20,789,189,194,138,930,Douglas_fir
53834,2902,162,5,541,49,3849,224,241,151,3267,Lodgepole_Pine
64562,2936,79,20,698,93,2252,241,200,80,1253,Lodgepole_Pine
34354,3318,339,7,834,134,849,206,231,163,1026,Spruce_Fir
30751,3243,345,11,551,-8,4334,197,222,163,808,Spruce_Fir
14228,3169,72,18,785,64,942,237,204,91,1804,Lodgepole_Pine
104875,3441,290,25,297,130,1319,141,227,222,1702,Krummholz
99152,3055,85,13,331,22,4582,238,217,108,789,Lodgepole_Pine
40173,2965,96,7,256,46,5549,232,230,131,3877,Ponderosa_Pine
56102,3216,55,26,175,9,1766,226,176,68,2363,Spruce_Fir
56741,2902,12,21,212,50,3841,193,192,130,2708,Lodgepole_Pine
78872,2933,345,17,201,-42,1215,183,210,163,618,Lodgepole_Pine
4060,3049,41,16,1121,180,2701,221,204,115,1248,Lodgepole_Pine
39679,3188,297,34,270,192,700,108,207,229,2214,Ponderosa_Pine
76088,3001,188,10,285,39,5664,221,248,159,2202,Spruce_Fir
20648,3214,37,14,480,66,5419,219,208,122,2592,Lodgepole_Pine
54210,3048,259,14,190,-14,2218,185,247,200,1319,Spruce_Fir
106141,2906,41,15,90,3,5232,221,205,116,4149,Spruce_Fir
33453,2951,296,9,242,-23,1064,194,238,183,878,Lodgepole_Pine
29091,3355,20,11,384,65,2177,212,217,140,1523,Spruce_Fir
99982,2848,14,12,30,4,5346,208,214,141,604,Lodgepole_Pine
43307,2931,99,21,495,152,805,249,206,75,1224,Lodgepole_Pine
27727,2557,302,22,85,3,2226,154,224,208,2248,Lodgepole_Pine
107366,2964,30,9,570,233,3205,218,220,137,1473,Lodgepole_Pine
58694,3194,89,49,170,91,2971,233,114,0,1209,Lodgepole_Pine
69509,3221,200,6,192,11,5683,218,245,163,1115,Spruce_Fir
51949,3267,19,11,720,64,1879,212,216,140,870,Spruce_Fir
43256,3034,31,14,395,110,4366,216,209,127,2164,Lodgepole_Pine
106634,2929,105,29,0,0,1084,253,191,44,1537,Spruce_Fir
39533,2609,72,13,190,19,1048,235,214,109,5371,Lodgepole_Pine
77501,2684,282,15,85,-8,1673,177,240,202,671,Lodgepole_Pine
13124,3094,265,14,150,28,5552,183,245,201,2524,Lodgepole_Pine
9818,3425,180,11,417,100,4227,224,247,154,3121,Spruce_Fir
73284,2873,102,26,150,46,5493,252,196,55,4452,Lodgepole_Pine
31980,3278,23,17,780,202,742,207,201,125,2173,Lodgepole_Pine
95092,2650,82,13,190,42,2256,237,217,108,2317,Douglas_fir
94530,2224,292,34,95,65,592,108,211,233,1485,Ponderosa_Pine
6574,3152,146,14,750,111,999,238,238,127,2040,Lodgepole_Pine
82118,2822,22,7,361,77,2621,216,225,146,2663,Lodgepole_Pine
74138,3244,11,8,624,96,5870,211,223,148,2534,Lodgepole_Pine
60822,3178,77,10,60,-6,1570,233,221,119,511,Lodgepole_Pine
87898,3067,56,14,1310,198,2884,228,210,112,1233,Lodgepole_Pine
107809,2992,292,19,283,93,5394,164,233,208,785,Lodgepole_Pine
32573,3055,322,6,60,5,4679,205,234,168,1008,Spruce_Fir
26022,3218,37,7,277,17,3976,220,224,140,3207,Ponderosa_Pine
101875,2903,65,15,492,212,499,233,208,103,1611,Lodgepole_Pine
76145,2603,207,26,240,-132,849,194,253,182,872,Lodgepole_Pine
2872,3234,41,4,454,31,1822,220,230,146,1189,Spruce_Fir
49749,2923,29,29,256,141,2124,196,164,89,2017,Lodgepole_Pine
8026,3288,188,16,658,88,2462,219,250,159,1611,Lodgepole_Pine
30914,2978,64,7,313,79,3466,227,226,133,2061,Lodgepole_Pine
37456,2542,345,9,365,73,90,202,225,162,674,Lodgepole_Pine
44571,2759,22,15,30,2,942,210,208,131,518,Lodgepole_Pine
99519,2987,81,9,42,4,2008,233,224,123,2806,Spruce_Fir
14196,3170,251,17,591,111,3320,181,250,205,1299,Spruce_Fir
57539,3130,52,22,258,-38,1064,225,186,84,1027,Douglas_fir
49834,3187,272,23,849,114,3536,154,240,222,2186,Spruce_Fir
106253,3435,49,19,745,148,2377,224,196,99,1464,Spruce_Fir
24786,2907,315,9,201,70,5076,195,233,177,450,Douglas_fir
54213,3260,13,9,499,37,6137,212,222,148,918,Spruce_Fir
65502,3194,17,22,95,17,4339,196,190,123,3424,Spruce_Fir
90926,3579,97,26,930,294,2383,251,193,54,1368,Spruce_Fir
25528,3145,300,17,42,13,2591,172,231,199,799,Lodgepole_Pine
88369,3214,125,4,792,30,1154,226,237,145,2190,Spruce_Fir
108264,2587,9,17,30,9,1616,198,204,140,2840,Lodgepole_Pine
39635,2896,83,11,218,33,4076,236,220,114,6309,Lodgepole_Pine
53849,2959,250,25,532,310,1894,156,248,223,1651,Lodgepole_Pine
79195,3308,295,13,391,90,3988,184,236,192,1655,Spruce_Fir
15988,3041,331,6,124,12,1967,206,233,165,1622,Spruce_Fir
2638,2357,14,16,30,6,417,203,205,136,997,Ponderosa_Pine
62483,3162,59,22,384,78,4996,231,189,80,3311,Spruce_Fir
100680,3070,349,7,541,95,5545,207,228,160,3683,Spruce_Fir
18352,3394,81,20,525,22,711,243,201,80,751,Krummholz
28542,2975,153,7,212,52,1613,229,240,145,2596,Lodgepole_Pine
44586,3071,39,16,437,126,1627,219,203,114,3359,Spruce_Fir
12397,3181,98,16,277,27,3099,244,216,97,966,Lodgepole_Pine
58947,3039,272,23,408,128,5760,154,240,222,1290,Lodgepole_Pine
64242,2913,127,7,192,9,4410,232,236,136,4015,Spruce_Fir
19262,2835,28,10,150,13,1834,216,217,136,2640,Lodgepole_Pine
105603,3044,148,18,350,119,1421,241,236,117,3360,Spruce_Fir
57203,2735,221,20,108,34,830,191,254,193,2017,Aspen
91390,2970,99,11,42,7,1357,239,224,114,2018,Lodgepole_Pine
5988,2768,348,21,120,36,3211,175,200,160,6095,Lodgepole_Pine
1291,2600,90,10,190,0,1443,236,224,118,474,Lodgepole_Pine
52531,2855,326,16,240,57,3281,179,221,181,484,Lodgepole_Pine
32341,3231,241,6,470,47,350,208,245,175,1888,Spruce_Fir
68061,2406,43,10,564,112,631,222,217,129,1057,Douglas_fir
18362,3192,350,24,67,23,1544,170,193,157,2597,Spruce_Fir
77085,3273,247,14,295,57,618,190,250,197,883,Lodgepole_Pine
43997,3241,265,14,646,175,6118,184,246,200,1989,Lodgepole_Pine
104352,3406,346,16,484,177,949,188,213,163,1361,Krummholz
107444,2448,15,7,30,-1,860,214,226,149,537,Lodgepole_Pine
43589,3296,117,13,361,49,1464,241,228,114,2221,Spruce_Fir
48760,3163,155,18,1080,115,3192,238,239,124,2467,Lodgepole_Pine
93076,2959,37,7,277,-8,6171,220,224,140,3178,Lodgepole_Pine
3689,2778,174,20,234,111,3241,228,245,140,6060,Lodgepole_Pine
100866,2585,91,38,67,40,1678,246,153,0,1398,Lodgepole_Pine
53291,3225,36,20,134,47,841,214,192,106,1575,Spruce_Fir
71345,2152,60,31,190,101,256,226,159,42,424,Douglas_fir
57904,3322,191,15,573,176,1209,218,250,162,4320,Lodgepole_Pine
100640,3042,40,4,485,22,4432,220,231,148,1351,Ponderosa_Pine
24929,3295,197,20,417,146,3027,210,252,169,834,Spruce_Fir
54787,3036,325,13,492,-84,1839,188,226,177,2135,Lodgepole_Pine
18801,2440,186,5,300,81,1168,221,243,158,785,Douglas_fir
30636,2827,47,16,180,45,1994,224,202,108,2037,Aspen
103217,3000,256,13,350,102,2394,190,248,196,1376,Lodgepole_Pine
91230,3272,342,4,765,164,6066,212,234,160,2701,Lodgepole_Pine
109874,2474,272,16,242,60,180,177,243,205,700,Ponderosa_Pine
81356,3136,42,7,60,0,2001,221,225,139,2483,Krummholz
72430,3355,205,15,541,175,2305,210,253,174,1006,Spruce_Fir
75155,2419,10,20,192,76,927,194,195,134,655,Douglas_fir
69066,3096,8,15,671,-1,1833,202,209,143,3278,Spruce_Fir
81570,2732,25,22,268,44,1672,202,186,112,1033,Lodgepole_Pine
107080,2885,16,19,446,82,716,201,198,130,752,Lodgepole_Pine
7531,3019,50,12,124,1,1630,225,214,122,1195,Spruce_Fir
59519,2988,171,10,499,69,5611,227,245,150,3515,Lodgepole_Pine
655,2945,335,4,446,52,4272,211,234,162,5700,Lodgepole_Pine
60846,2757,27,21,95,-35,85,205,189,112,402,Spruce_Fir
4455,2129,18,39,210,118,283,160,129,79,469,Ponderosa_Pine
11488,2230,353,41,150,74,1380,119,136,131,1148,Ponderosa_Pine
74623,2488,15,10,210,60,845,211,219,144,1181,Ponderosa_Pine
60890,3216,346,16,120,28,1704,188,213,163,1969,Spruce_Fir
74285,2698,264,11,134,31,1110,192,245,192,1717,Lodgepole_Pine
75666,2498,61,21,60,15,1316,232,191,82,1237,Douglas_fir
12882,3086,61,12,90,16,3069,230,214,115,5354,Spruce_Fir
75465,2907,227,11,124,22,1610,205,250,181,1476,Lodgepole_Pine
4030,2592,18,19,300,103,2073,201,196,126,642,Douglas_fir
33780,3244,71,17,210,-8,1731,236,205,95,2605,Spruce_Fir
29177,2853,325,10,854,123,67,196,230,173,1410,Lodgepole_Pine
73099,2888,62,28,366,109,3279,230,171,55,774,Lodgepole_Pine
19031,3327,348,13,242,66,3124,194,217,161,2337,Spruce_Fir
48924,2677,49,27,228,72,1064,219,170,69,1304,Lodgepole_Pine
20852,3175,90,14,120,20,968,241,217,103,2167,Spruce_Fir
11151,3347,112,13,659,18,849,242,226,111,4455,Spruce_Fir
110307,2718,17,13,277,47,2305,209,213,139,2018,Douglas_fir
61540,3023,260,8,192,11,5581,200,245,183,2040,Lodgepole_Pine
65822,3013,93,23,277,87,1556,249,199,67,1358,Lodgepole_Pine
100612,3146,256,9,641,38,5851,200,246,184,1302,Lodgepole_Pine
70061,3014,23,22,531,101,4526,201,188,115,4053,Spruce_Fir
69896,3128,197,15,201,23,2099,215,251,167,569,Lodgepole_Pine
13450,3160,45,14,120,11,1383,223,208,116,2589,Spruce_Fir
41565,3236,33,21,256,53,1463,211,189,106,295,Spruce_Fir
17345,2647,4,15,201,42,2353,199,210,147,1412,Lodgepole_Pine
7419,2762,107,11,30,5,3000,238,227,119,4928,Lodgepole_Pine
9302,2998,11,16,0,0,6359,202,206,139,3424,Lodgepole_Pine
39982,2977,88,26,42,3,2240,248,188,0,2860,Douglas_fir
23580,2956,221,33,95,-8,3140,161,249,204,1055,Lodgepole_Pine
29500,3212,211,13,384,117,3187,209,252,177,837,Cottonwood_Willow
101421,3036,17,8,60,8,960,214,223,146,1426,Lodgepole_Pine
110271,2364,14,24,30,14,1315,191,184,122,774,Douglas_fir
53166,3355,4,4,450,24,810,215,232,155,2160,Krummholz
102429,2454,318,11,360,148,1075,190,230,179,1273,Ponderosa_Pine
14858,3112,309,16,570,201,5374,176,228,192,918,Lodgepole_Pine
12256,2925,84,18,210,-17,319,242,207,88,964,Spruce_Fir
64272,3037,216,14,847,3,6068,205,253,181,3332,Lodgepole_Pine
68053,2762,32,21,268,-3,1989,211,191,108,866,Lodgepole_Pine
85820,3136,232,13,391,70,335,198,251,189,659,Lodgepole_Pine
105015,2916,8,13,0,0,4363,205,214,145,4260,Spruce_Fir
97321,2840,311,15,228,71,3891,178,228,190,5678,Spruce_Fir
12258,2842,315,3,30,0,1338,211,237,164,1368,Spruce_Fir
72122,2472,175,28,216,86,228,223,241,131,900,Ponderosa_Pine
33006,2966,173,32,759,138,4334,220,236,122,1499,Lodgepole_Pine
4901,2781,103,10,256,57,2903,237,227,120,2505,Lodgepole_Pine
52635,2897,330,8,510,40,2938,201,231,169,3552,Lodgepole_Pine
45219,3362,2,9,484,96,1061,208,224,153,2689,Spruce_Fir
31382,2796,104,25,95,-8,2609,252,200,60,1024,Lodgepole_Pine
10968,2948,75,15,277,70,1624,237,210,100,2782,Lodgepole_Pine
78367,2889,10,21,277,66,2184,193,193,132,1674,Spruce_Fir
23111,2937,304,14,90,19,5787,180,232,192,1282,Ponderosa_Pine
61810,3326,55,11,295,47,3410,227,215,120,2363,Spruce_Fir
44589,2958,82,13,537,13,769,237,218,109,1899,Spruce_Fir
32039,3294,354,11,492,105,2715,202,221,157,2305,Krummholz
21174,3358,291,15,201,76,2301,176,236,200,2721,Spruce_Fir
15401,3196,40,20,268,59,1065,218,192,102,5074,Spruce_Fir
104831,3695,28,13,1177,286,5145,215,212,132,3479,Krummholz
63841,2803,13,9,42,2,1130,212,222,148,2083,Lodgepole_Pine
88529,3096,80,10,402,-26,3967,234,223,120,4782,Spruce_Fir
10336,3128,27,11,258,21,5558,216,216,136,815,Spruce_Fir
60830,2898,243,13,218,72,1001,194,250,193,1677,Lodgepole_Pine
43539,3286,64,16,900,205,1507,233,206,100,3118,Spruce_Fir
25370,3150,235,20,912,380,1142,181,253,204,1414,Spruce_Fir
93598,3228,285,11,408,45,5798,188,240,192,2096,Lodgepole_Pine
21471,3426,304,10,474,32,4909,192,235,183,4151,Krummholz
105069,3195,72,10,451,53,2912,231,221,122,4708,Spruce_Fir
15709,2648,85,24,150,26,1922,246,191,61,2047,Douglas_fir
83122,2960,239,16,836,165,2711,188,252,199,1282,Lodgepole_Pine
17825,3224,32,10,268,29,1486,218,218,134,1087,Spruce_Fir
26802,3322,337,18,60,5,1302,178,212,172,1560,Spruce_Fir
17391,2448,47,28,277,-9,726,217,168,69,752,Ponderosa_Pine
22324,3011,76,4,484,113,2512,225,232,143,1826,Lodgepole_Pine
108178,2946,181,14,510,67,2673,224,248,154,2024,Lodgepole_Pine
45895,2063,280,28,30,10,524,132,230,231,646,Ponderosa_Pine
34566,2904,11,10,551,106,2795,209,220,147,3326,Lodgepole_Pine
17544,2704,325,24,175,77,1589,155,207,188,1195,Lodgepole_Pine
52548,2627,117,12,30,-3,1548,240,229,118,1129,Lodgepole_Pine
104181,2231,308,30,95,30,1172,126,206,213,560,Ponderosa_Pine
43902,3128,315,8,360,30,3427,200,234,174,780,Lodgepole_Pine
28311,2186,297,35,150,111,1414,102,204,231,895,Ponderosa_Pine
48503,2642,82,22,67,19,2429,244,195,70,1129,Lodgepole_Pine
13272,2781,0,4,443,46,2819,213,232,156,6639,Spruce_Fir
95997,3374,125,32,417,141,2100,253,198,45,1406,Krummholz
99715,3247,34,9,256,21,4476,219,221,137,1489,Spruce_Fir
17051,3185,309,7,350,12,1572,202,236,173,162,Spruce_Fir
3598,3218,303,20,153,16,4261,162,227,204,1464,Krummholz
39137,3479,60,14,582,45,2687,230,209,108,1888,Spruce_Fir
11929,3252,350,11,216,30,3261,201,222,160,2002,Spruce_Fir
56294,2885,139,19,42,2,4842,245,231,107,192,Lodgepole_Pine
12883,2819,32,3,67,0,1355,219,232,150,1001,Aspen
55198,2727,343,10,480,1,1127,200,225,163,1073,Lodgepole_Pine
76041,2696,333,35,30,33,2713,120,173,179,6602,Lodgepole_Pine
12078,2736,102,13,150,21,2557,241,223,110,2117,Lodgepole_Pine
74958,3342,217,10,30,-2,4471,210,250,175,3430,Krummholz
63293,2954,23,23,228,95,1481,200,183,111,3013,Spruce_Fir
40926,3309,98,10,60,-5,4563,237,225,118,4073,Krummholz
101718,2611,68,7,42,2,830,227,226,133,5840,Lodgepole_Pine
45829,3087,144,8,297,46,532,232,239,138,1448,Lodgepole_Pine
7984,3282,305,8,582,83,658,199,236,176,1140,Spruce_Fir
59354,2155,195,33,283,136,573,193,245,161,335,Ponderosa_Pine
97739,3131,101,13,247,23,5520,242,222,108,931,Lodgepole_Pine
28502,2568,266,41,417,-31,450,88,219,250,1082,Ponderosa_Pine
32393,3238,107,20,153,40,1660,250,212,81,2876,Spruce_Fir
20915,3361,298,11,459,21,3274,188,236,188,1716,Spruce_Fir
50178,2728,198,3,603,104,1194,218,242,160,792,Lodgepole_Pine
58033,2626,293,32,67,38,1506,115,213,230,1138,Douglas_fir
63567,2508,55,11,247,22,361,227,216,121,1168,Ponderosa_Pine
29616,2718,61,11,150,27,1698,229,218,121,3508,Lodgepole_Pine
73594,3420,99,12,323,91,1082,240,222,110,4028,Lodgepole_Pine
8949,3034,182,21,543,153,807,221,248,150,2446,Spruce_Fir
31633,3308,15,9,484,129,1328,212,221,146,2529,Lodgepole_Pine
25627,2552,331,30,150,67,743,137,189,183,272,Douglas_fir
90368,2919,230,11,295,23,5434,203,250,184,5425,Lodgepole_Pine
90923,3054,277,21,67,12,2903,158,238,218,1653,Spruce_Fir
108637,3051,3,22,330,192,726,185,193,140,3089,Lodgepole_Pine
24970,3208,187,33,283,41,2984,204,242,146,964,Lodgepole_Pine
110197,2387,333,15,170,79,886,185,220,173,721,Douglas_fir
38206,2887,168,14,108,17,4749,230,245,143,182,Lodgepole_Pine
12794,3204,284,4,309,27,595,209,240,169,882,Lodgepole_Pine
36188,2673,340,8,335,2,1262,204,229,164,1572,Lodgepole_Pine
23503,2966,263,16,450,143,4917,178,246,206,342,Lodgepole_Pine
68728,3291,172,19,566,21,3840,229,245,141,1366,Lodgepole_Pine
12020,3290,92,13,582,253,3799,240,219,107,2224,Spruce_Fir
33021,2566,129,6,190,21,492,231,236,138,1201,Lodgepole_Pine
30025,2916,93,5,30,0,1221,227,233,140,3115,Spruce_Fir
20643,3263,237,13,67,0,2969,196,251,191,560,Spruce_Fir
56877,3194,351,18,767,11,1342,186,207,158,1574,Spruce_Fir
16476,2266,119,25,85,35,808,253,210,70,1072,Douglas_fir
56192,2749,43,16,594,-60,1602,221,202,111,2398,Lodgepole_Pine
23857,1937,36,35,153,82,150,195,142,59,890,Douglas_fir
359,2804,45,5,342,97,1357,221,229,143,726,Lodgepole_Pine
102001,2807,213,29,175,83,2738,181,252,191,1061,Lodgepole_Pine
30826,3091,15,22,150,29,4013,194,188,124,726,Spruce_Fir
51059,3141,135,4,60,3,4624,226,238,146,1981,Spruce_Fir
51754,2997,294,5,816,111,1291,207,239,171,2033,Lodgepole_Pine
41366,2978,88,12,192,13,3673,238,220,112,1159,Lodgepole_Pine
50183,3115,40,12,95,6,3948,221,214,126,1731,Lodgepole_Pine
80760,3431,153,7,400,102,1124,229,241,144,4024,Lodgepole_Pine
8877,3003,343,16,560,108,1087,186,214,166,1865,Lodgepole_Pine
94193,3183,313,28,319,154,2984,132,205,207,2881,Spruce_Fir
61730,2718,112,29,216,134,1590,254,195,46,1074,Lodgepole_Pine
14892,2578,8,11,228,0,626,207,218,147,1224,Lodgepole_Pine
84580,3011,126,13,30,3,3781,241,231,116,5328,Lodgepole_Pine
74185,3021,312,12,591,-99,1716,187,231,184,1863,Lodgepole_Pine
43236,3076,38,6,742,17,331,220,227,143,1073,Lodgepole_Pine
37970,3112,338,8,95,5,5346,202,228,165,664,Spruce_Fir
11584,2419,261,33,60,25,547,124,236,239,1024,Ponderosa_Pine
21567,2962,5,20,120,20,1198,190,196,139,2353,Spruce_Fir
69855,3244,214,12,192,25,3794,209,251,177,2713,Aspen
96451,3311,340,14,330,-20,1505,189,218,168,2003,Spruce_Fir
42345,2951,102,10,277,59,1740,238,226,119,1871,Lodgepole_Pine
106225,3199,198,21,255,42,350,208,253,170,1261,Spruce_Fir
37305,2755,235,21,150,50,1565,180,253,205,1233,Lodgepole_Pine
54549,2783,55,21,268,7,1224,228,191,88,2250,Lodgepole_Pine
97179,3211,349,16,497,20,3428,189,212,160,3187,Spruce_Fir
56242,3192,134,16,42,0,3207,243,231,112,900,Lodgepole_Pine
95277,2637,72,3,42,1,997,223,233,146,1661,Lodgepole_Pine
102613,2205,349,23,150,69,480,172,196,158,342,Douglas_fir
65845,2997,123,13,481,50,2697,241,230,116,2563,Lodgepole_Pine
65658,3267,227,11,755,132,781,204,251,183,2563,Lodgepole_Pine
106234,3163,177,9,95,5,459,225,245,154,1353,Spruce_Fir
21685,2259,30,21,335,119,1338,208,188,108,778,Ponderosa_Pine
39415,2990,117,15,362,92,2407,244,225,106,1895,Spruce_Fir
70330,3057,21,14,120,20,2643,210,210,134,907,Spruce_Fir
5253,2783,41,33,525,51,997,204,151,60,2054,Lodgepole_Pine
26503,3077,41,4,313,33,3313,220,230,146,551,Spruce_Fir
68385,3043,314,27,391,-60,1242,138,207,204,2952,Spruce_Fir
24590,3275,123,13,323,168,4106,241,230,116,1358,Lodgepole_Pine
82808,2972,346,12,390,110,752,196,220,163,1756,Lodgepole_Pine
16308,3123,16,9,42,0,3129,212,222,146,3266,Spruce_Fir
85167,3010,67,19,361,20,510,235,199,87,1624,Spruce_Fir
4346,2779,175,8,30,2,1740,225,244,153,2329,Lodgepole_Pine
40414,3021,160,19,426,158,6419,236,240,127,3961,Lodgepole_Pine
44176,3523,9,13,553,144,1411,205,213,144,1917,Krummholz
82528,3130,339,19,127,21,3948,177,210,170,277,Spruce_Fir
86485,3055,103,23,210,13,706,251,203,67,730,Spruce_Fir
1382,3035,140,12,339,129,2713,238,236,127,1666,Spruce_Fir
63380,3178,239,20,218,44,768,179,252,207,4893,Lodgepole_Pine
10949,3191,128,8,216,16,3549,233,235,134,4513,Spruce_Fir
97762,2932,216,6,376,36,5514,214,246,169,5442,Lodgepole_Pine
36790,2960,117,20,240,67,1965,250,217,86,1544,Spruce_Fir
102666,3064,167,23,390,-2,1655,231,241,127,1355,Spruce_Fir
98752,2268,181,13,60,6,300,224,248,154,366,Ponderosa_Pine
98456,2164,136,30,108,64,872,250,211,66,234,Cottonwood_Willow
55203,2821,52,18,108,2,3009,227,199,100,4626,Lodgepole_Pine
109270,2682,9,7,390,65,1289,212,225,151,1406,Lodgepole_Pine
68624,3042,14,38,361,137,2147,158,135,90,1860,Spruce_Fir
49136,3622,356,21,258,99,2047,181,197,150,2445,Krummholz
23349,3203,198,9,450,83,5968,217,248,165,3180,Lodgepole_Pine
8255,2932,7,12,150,-6,5713,205,215,147,3612,Lodgepole_Pine
16479,2669,20,11,150,21,3398,212,217,140,3032,Spruce_Fir
82227,3174,285,8,390,59,1032,198,240,182,774,Spruce_Fir
84566,2998,45,10,467,0,4375,223,219,130,3027,Lodgepole_Pine
109708,2639,194,15,301,41,2197,216,251,165,1832,Lodgepole_Pine
22352,3169,113,31,258,92,3819,254,191,39,2384,Spruce_Fir
38979,2966,333,18,382,103,1080,177,215,175,972,Lodgepole_Pine
45075,2634,99,9,180,23,1710,235,228,123,4813,Lodgepole_Pine
21570,2610,15,21,234,94,1381,197,192,126,1706,Ponderosa_Pine
91386,3126,306,11,319,57,1328,189,234,184,1084,Spruce_Fir
62300,2761,283,18,30,1,1471,166,238,210,1604,Lodgepole_Pine
43182,3280,173,8,552,189,3859,225,244,152,560,Lodgepole_Pine
106489,2886,32,26,216,65,437,205,174,93,450,Spruce_Fir
37627,3106,177,16,242,12,2994,226,247,148,853,Lodgepole_Pine
38180,2889,40,12,162,3,671,221,214,126,1473,Lodgepole_Pine
55864,2823,152,15,228,36,3502,237,239,128,3255,Lodgepole_Pine
84283,3264,128,11,150,8,2996,238,233,125,899,Spruce_Fir
64149,3317,83,8,30,0,1256,231,227,128,1470,Spruce_Fir
106903,3301,285,17,362,83,4179,172,238,205,1852,Spruce_Fir
72912,2453,85,21,212,66,816,245,199,74,799,Douglas_fir
68005,2983,351,10,85,5,981,203,224,159,2252,Lodgepole_Pine
53185,3361,99,16,216,79,2001,244,217,97,2837,Spruce_Fir
75917,2583,221,24,192,83,1179,183,254,198,1216,Ponderosa_Pine
60198,2790,94,14,67,7,1506,241,218,103,2177,Lodgepole_Pine
108826,3003,70,28,484,186,524,237,173,48,816,Lodgepole_Pine
26473,2529,52,35,234,103,800,214,144,37,837,Lodgepole_Pine
93677,3322,211,20,319,90,3342,200,254,183,541,Spruce_Fir
37481,3095,156,30,390,80,1902,237,227,96,1266,Cottonwood_Willow
8983,2650,147,16,216,10,942,240,236,120,612,Ponderosa_Pine
56341,2685,21,10,480,73,973,214,219,141,1243,Lodgepole_Pine
58621,2636,126,21,42,13,1745,250,220,88,5144,Lodgepole_Pine
46333,2461,234,8,443,105,825,206,248,178,1250,Douglas_fir
78010,2814,72,14,400,84,2663,236,211,103,1972,Lodgepole_Pine
84783,3341,196,19,342,40,3048,212,252,167,1442,Spruce_Fir
20361,3392,319,5,433,53,1527,208,235,167,1106,Krummholz
12170,2671,280,37,541,213,767,96,215,244,1890,Lodgepole_Pine
12946,3336,103,14,30,-6,2318,243,221,103,4029,Krummholz
36221,3284,53,17,450,-35,3342,227,203,104,1967,Krummholz
84828,3043,220,12,534,151,3064,206,251,180,711,Lodgepole_Pine
892,3032,10,20,470,259,874,194,195,134,1390,Spruce_Fir
54231,3262,243,10,277,64,2831,201,248,184,1165,Spruce_Fir
16020,2789,210,32,335,-20,2301,176,249,188,1753,Lodgepole_Pine
73671,3011,240,43,532,80,2148,107,231,235,1167,Lodgepole_Pine
63937,3198,119,6,0,0,1006,231,235,137,1409,Spruce_Fir
96760,2333,315,9,190,50,1154,197,233,176,997,Douglas_fir
107552,3081,48,6,339,44,2780,222,227,140,1448,Lodgepole_Pine
86567,2790,263,30,722,410,806,132,238,235,1991,Lodgepole_Pine
31070,3197,219,30,240,-5,2007,172,251,200,3515,Spruce_Fir
109449,3084,336,10,67,6,1965,198,226,168,1915,Lodgepole_Pine
90576,3219,353,15,350,124,5047,192,212,156,1926,Spruce_Fir
20577,2937,125,15,319,71,3565,244,228,110,2642,Lodgepole_Pine
15153,3001,135,4,642,84,5521,226,238,146,2917,Lodgepole_Pine
24988,2749,283,14,30,8,1734,181,240,198,1060,Aspen
33650,3109,331,6,636,-68,808,206,233,165,1019,Lodgepole_Pine
13829,3113,55,4,350,67,4998,222,231,145,706,Lodgepole_Pine
34629,3115,38,6,228,25,2056,220,227,143,2068,Lodgepole_Pine
4945,2849,14,8,30,1,2808,213,224,148,2736,Lodgepole_Pine
55281,2932,2,22,60,-6,4347,184,194,142,1919,Ponderosa_Pine
96701,3268,3,17,228,45,3185,195,205,145,3333,Lodgepole_Pine
13613,2696,84,12,499,17,1237,237,220,113,2779,Lodgepole_Pine
4648,2996,282,12,417,19,4846,186,241,194,242,Lodgepole_Pine
34613,3130,317,11,258,14,2142,191,231,179,2490,Lodgepole_Pine
80625,2922,105,3,210,13,4075,224,236,147,4251,Lodgepole_Pine
48019,2686,92,6,497,74,847,230,230,133,1434,Lodgepole_Pine
3477,2585,313,10,400,115,663,193,233,179,626,Lodgepole_Pine
24840,3187,276,2,134,1,1332,213,239,164,591,Spruce_Fir
93891,2326,87,20,404,146,1158,244,204,80,1221,Cottonwood_Willow
98725,3028,71,9,212,40,457,231,222,124,1383,Spruce_Fir
68146,2772,227,22,90,-4,1676,182,254,202,1142,Lodgepole_Pine
12151,2978,278,27,234,91,5210,138,233,229,1290,Douglas_fir
84839,2455,320,17,272,95,518,173,221,187,1173,Lodgepole_Pine
74064,3198,96,9,589,82,2170,234,228,125,2732,Spruce_Fir
92887,3149,200,20,162,54,3086,207,253,172,1036,Spruce_Fir
16463,3031,105,21,192,56,4026,250,208,76,5152,Lodgepole_Pine
5507,2797,27,6,67,1,3234,217,226,145,5434,Lodgepole_Pine
38600,2977,20,23,351,134,1908,198,186,117,2821,Lodgepole_Pine
1890,2916,208,21,120,14,937,201,254,180,706,Lodgepole_Pine
85564,2729,44,15,85,16,2430,222,206,115,454,Lodgepole_Pine
1322,2982,81,9,618,87,1128,232,225,125,1717,Lodgepole_Pine
8579,2936,21,7,150,16,1342,215,224,146,470,Lodgepole_Pine
87823,2869,197,22,391,23,1565,208,252,168,812,Krummholz
29421,3092,10,4,466,52,1148,215,231,153,1230,Lodgepole_Pine
19734,2582,35,18,242,3,849,215,197,112,134,Lodgepole_Pine
4416,2611,144,13,67,7,2017,238,237,127,2678,Ponderosa_Pine
15977,2704,73,26,150,35,1650,240,182,57,1282,Lodgepole_Pine
103135,3132,42,13,426,73,1800,222,211,122,3354,Spruce_Fir
88703,3110,86,27,124,48,3983,247,185,50,612,Lodgepole_Pine
40406,2940,13,13,631,145,2906,207,212,141,1308,Cottonwood_Willow
77675,2710,151,19,420,76,2337,240,237,118,2310,Ponderosa_Pine
55946,3020,218,13,150,36,2947,206,252,180,446,Lodgepole_Pine
16939,2387,140,26,30,8,532,248,221,84,1282,Ponderosa_Pine
21740,2659,62,13,537,30,853,230,214,114,1114,Ponderosa_Pine
33404,2426,88,6,272,36,882,229,230,135,892,Ponderosa_Pine
24820,3236,155,11,324,75,1723,233,241,139,1449,Spruce_Fir
72075,3073,308,12,426,37,2336,188,232,185,1150,Spruce_Fir
10937,2964,21,7,108,11,2058,215,224,146,1354,Spruce_Fir
89723,3175,149,22,180,23,1172,243,232,106,2395,Spruce_Fir
45985,2654,43,12,134,19,1218,222,213,123,942,Lodgepole_Pine
101449,3067,161,10,711,33,6205,230,243,143,3231,Lodgepole_Pine
82222,3225,169,30,240,22,2506,226,236,118,3188,Spruce_Fir
7884,3105,0,4,272,20,1410,214,232,156,1383,Lodgepole_Pine
11075,2579,33,13,480,37,488,217,211,127,2687,Lodgepole_Pine
27291,2755,144,8,242,35,1396,232,239,138,2322,Cottonwood_Willow
39689,3302,200,12,424,-5,1634,215,251,168,4036,Spruce_Fir
5614,3188,263,16,454,53,430,178,246,206,2880,Lodgepole_Pine
97545,2840,43,10,67,6,589,222,218,130,560,Lodgepole_Pine
81263,3384,85,15,495,227,1445,240,213,99,892,Krummholz
26716,3095,76,16,495,11,1879,239,207,94,2482,Lodgepole_Pine
10539,2723,57,15,499,123,1490,229,208,109,2313,Lodgepole_Pine
48727,2278,332,39,134,71,1415,106,162,179,1012,Ponderosa_Pine
105572,2738,5,25,60,28,240,178,181,132,624,Spruce_Fir
14969,2618,39,23,362,-1,1022,213,182,93,242,Lodgepole_Pine
41414,2768,82,10,323,33,1571,235,222,118,2505,Lodgepole_Pine
83688,2519,182,20,60,21,1130,222,249,151,1371,Ponderosa_Pine
88564,3214,277,17,295,75,4751,170,241,209,3275,Spruce_Fir
4958,2888,132,15,67,8,3163,243,231,114,1588,Spruce_Fir
15480,2697,6,26,201,99,2220,178,180,130,2219,Lodgepole_Pine
6352,3148,257,13,268,39,4713,189,247,197,3144,Spruce_Fir
5994,2945,163,19,247,106,1087,234,241,129,616,Lodgepole_Pine
3298,3178,67,6,569,36,3245,227,228,135,3946,Spruce_Fir
46624,3066,80,4,60,-3,2356,225,232,142,2151,Spruce_Fir
47959,3018,24,6,757,178,5449,217,226,146,5351,Lodgepole_Pine
26964,2704,193,33,180,84,1890,196,244,158,1200,Lodgepole_Pine
66327,3212,84,21,190,63,3971,244,200,75,1442,Spruce_Fir
31868,2319,317,23,201,68,713,154,214,197,426,Ponderosa_Pine
741,3307,190,7,553,80,4025,220,246,160,2184,Spruce_Fir
36353,3014,256,8,485,25,1249,202,245,182,1634,Lodgepole_Pine
16004,3254,125,22,390,217,3874,250,219,85,2690,Spruce_Fir
19702,2622,218,3,153,10,716,216,242,162,1027,Lodgepole_Pine
23536,3143,43,16,210,25,2707,221,202,111,1120,Spruce_Fir
27089,2798,286,26,67,46,3573,139,229,225,5864,Spruce_Fir
64648,3188,328,23,309,61,3483,157,206,184,1772,Spruce_Fir
50168,2838,87,27,242,53,2620,248,184,47,957,Lodgepole_Pine
27554,2864,268,17,255,77,2270,175,244,208,1099,Lodgepole_Pine
31430,2266,118,6,323,211,537,230,235,138,277,Ponderosa_Pine
89,3295,27,4,0,0,4242,218,230,149,3833,Krummholz
17925,3427,99,9,659,-65,930,235,228,125,474,Krummholz
58830,2883,15,7,0,0,5158,214,226,149,4194,Lodgepole_Pine
87154,2806,32,12,404,-8,1806,217,214,130,2550,Aspen
60928,2692,321,38,67,52,2373,99,174,200,2173,Lodgepole_Pine
21763,3346,14,20,499,143,5001,198,196,130,361,Spruce_Fir
19435,2656,271,20,60,15,1471,165,242,215,1150,Lodgepole_Pine
4884,3005,92,12,268,39,1015,239,221,110,2547,Lodgepole_Pine
14032,3169,155,15,659,-37,551,236,240,130,1890,Ponderosa_Pine
12830,2948,144,4,270,45,3634,226,239,148,4658,Lodgepole_Pine
17899,2488,145,18,150,-54,1290,242,234,115,1549,Ponderosa_Pine
107658,2888,71,14,454,100,1260,235,213,107,1608,Lodgepole_Pine
65856,2908,62,4,60,-2,2287,223,232,145,339,Spruce_Fir
110014,2442,295,28,268,162,228,129,219,224,1657,Ponderosa_Pine
28702,3088,346,9,350,71,1574,203,226,161,1036,Lodgepole_Pine
108042,2812,5,10,671,94,3004,208,221,150,1532,Lodgepole_Pine
33537,3148,166,16,993,88,3084,232,244,139,2627,Lodgepole_Pine
66762,2267,314,24,474,60,390,147,213,202,1714,Ponderosa_Pine
3804,2708,97,6,170,23,1879,229,232,137,6277,Lodgepole_Pine
57716,2710,103,9,240,0,1978,235,229,125,2684,Douglas_fir
46403,3134,135,2,301,0,3806,222,238,152,1259,Ponderosa_Pine
64876,2258,282,36,309,173,1489,100,215,242,860,Ponderosa_Pine
8174,2967,333,13,30,8,1493,190,223,172,2068,Lodgepole_Pine
62641,2536,52,6,365,10,666,223,227,140,3569,Lodgepole_Pine
104739,3419,314,19,537,81,1699,165,221,194,618,Krummholz
21358,2474,100,10,153,30,537,237,227,120,1396,Douglas_fir
24832,3309,335,30,170,60,841,139,185,177,1409,Spruce_Fir
64138,3030,337,6,216,10,4361,207,231,164,1146,Lodgepole_Pine
75119,2995,297,8,541,-39,1604,198,238,179,1855,Lodgepole_Pine
2171,2766,148,14,361,86,1921,238,238,128,2154,Lodgepole_Pine
78516,2866,341,22,108,35,1566,167,200,168,2529,Lodgepole_Pine
14405,2965,302,34,451,34,2014,106,202,225,1155,Lodgepole_Pine
10815,2347,21,9,285,84,1040,214,221,142,765,Douglas_fir
30370,3089,142,18,840,66,2947,243,232,110,2590,Lodgepole_Pine
89014,3122,69,8,285,36,3596,229,224,128,1120,Spruce_Fir
56022,3113,90,9,108,8,5265,235,225,121,834,Lodgepole_Pine
22634,2893,214,27,351,16,914,185,253,191,469,Lodgepole_Pine
97911,2587,127,14,60,-2,2522,243,230,113,2088,Lodgepole_Pine
83758,2812,261,24,443,244,1356,153,244,224,1050,Lodgepole_Pine
18281,2908,346,29,212,64,2616,151,181,159,485,Lodgepole_Pine
11436,3183,57,16,558,90,1809,229,206,105,3104,Spruce_Fir
7266,3160,315,4,201,29,3104,209,236,166,849,Lodgepole_Pine
66507,3128,354,22,390,55,1473,177,195,151,2046,Spruce_Fir
31134,3067,338,10,361,24,450,198,226,167,576,Lodgepole_Pine
18432,3105,323,25,192,76,2949,147,204,192,2703,Spruce_Fir
5328,2974,285,21,511,175,2118,155,234,216,1129,Spruce_Fir
18525,3125,252,25,570,204,2949,158,248,222,2594,Lodgepole_Pine
32905,3159,298,9,240,26,794,195,237,182,1328,Spruce_Fir
47278,2825,85,13,201,53,1825,238,218,109,1850,Cottonwood_Willow
67859,2907,39,9,242,16,4030,221,220,134,3840,Lodgepole_Pine
5698,2319,315,26,30,15,778,143,209,202,800,Douglas_fir
67768,2994,90,7,277,37,930,231,229,132,2439,Lodgepole_Pine
43216,2429,211,11,42,3,1806,211,250,174,170,Ponderosa_Pine
63997,2732,298,4,210,24,1140,210,238,167,2268,Lodgepole_Pine
14854,2883,287,22,390,0,1329,152,232,218,1463,Lodgepole_Pine
64976,3332,240,14,150,40,2810,192,251,195,934,Spruce_Fir
36780,2703,153,7,446,103,1261,229,240,145,2571,Lodgepole_Pine
27282,3221,8,15,671,203,4479,202,209,143,2329,Spruce_Fir
79618,2739,18,9,90,16,2372,213,220,144,6856,Spruce_Fir
87619,3071,340,6,30,4,3444,207,231,163,2240,Spruce_Fir
59301,3091,103,14,516,28,480,242,222,106,1266,Lodgepole_Pine
89452,3030,13,9,424,112,2903,211,221,146,1798,Spruce_Fir
27751,2893,353,10,42,5,2993,203,222,158,2220,Spruce_Fir
72138,2998,28,15,85,13,3912,213,207,126,5461,Lodgepole_Pine
14845,3012,355,6,866,214,2884,211,230,157,1020,Lodgepole_Pine
109451,2981,25,4,659,129,1310,218,231,150,2273,Lodgepole_Pine
23940,2805,53,14,60,16,3422,227,209,112,2802,Spruce_Fir
14739,2374,259,22,360,169,404,161,246,220,708,Ponderosa_Pine
64439,2723,36,4,170,27,2080,220,230,147,6264,Spruce_Fir
105769,3197,305,17,212,54,1338,172,229,197,2230,Spruce_Fir
105780,2808,36,4,569,20,808,220,230,147,1342,Spruce_Fir
91555,3001,198,2,30,3,5252,218,241,159,2011,Spruce_Fir
18891,3100,113,12,175,33,3148,240,228,116,3109,Spruce_Fir
100238,3205,20,20,933,394,1507,202,193,121,875,Spruce_Fir
107817,2810,269,48,270,176,1448,56,201,254,1405,Lodgepole_Pine
53613,2561,157,15,510,112,531,235,241,132,642,Ponderosa_Pine
17335,3078,131,17,180,-21,800,245,229,106,1523,Spruce_Fir
57855,2934,19,23,450,-17,693,196,185,117,331,Spruce_Fir
74349,2954,61,13,540,45,2138,230,212,112,2714,Spruce_Fir
19202,3080,72,25,330,55,2335,239,183,60,1747,Spruce_Fir
28424,3150,95,12,570,214,1443,239,222,112,2572,Lodgepole_Pine
34527,3191,37,16,95,29,819,218,203,117,2007,Spruce_Fir
53196,3260,82,5,255,31,1290,227,231,138,1966,Spruce_Fir
63598,3002,177,18,255,48,1224,226,247,146,589,Lodgepole_Pine
59840,2477,202,19,30,6,1500,208,253,173,543,Ponderosa_Pine
64606,3195,237,11,256,37,558,200,250,186,849,Lodgepole_Pine
42342,3457,215,4,636,88,2581,216,243,164,1548,Spruce_Fir
46221,3056,302,27,424,239,1170,135,216,216,1216,Spruce_Fir
44696,3003,279,12,60,17,2689,186,242,195,865,Spruce_Fir
60512,2422,279,24,60,21,1068,149,235,223,745,Lodgepole_Pine
18705,3025,36,16,297,65,4685,217,203,117,920,Lodgepole_Pine
3006,2874,164,15,323,88,3596,232,244,138,1557,Lodgepole_Pine
39648,3295,93,40,437,258,3884,246,147,0,2516,Spruce_Fir
73246,3056,270,30,285,130,2632,130,234,235,2635,Lodgepole_Pine
69338,2466,45,11,552,82,655,223,216,126,1100,Douglas_fir
72666,3285,27,8,300,29,5459,217,223,142,541,Spruce_Fir
78860,3266,276,14,67,9,3496,182,242,199,1631,Spruce_Fir
18847,3328,194,4,570,111,914,219,243,160,1036,Krummholz
105366,3278,155,7,540,52,5395,228,241,146,1594,Spruce_Fir
35494,3028,126,10,552,201,1266,238,233,125,641,Spruce_Fir
72436,2726,161,13,85,13,2160,233,243,139,1377,Lodgepole_Pine
103183,3373,160,16,684,94,4256,235,242,132,2218,Krummholz
19564,2846,344,21,90,45,95,174,203,165,661,Lodgepole_Pine
95151,2783,283,28,190,48,1354,131,228,230,1376,Lodgepole_Pine
107410,3031,334,12,192,42,2510,192,224,171,1928,Lodgepole_Pine
60031,3096,60,17,170,3,3303,231,202,99,5370,Spruce_Fir
106730,3101,110,37,295,172,1978,253,173,13,2895,Spruce_Fir
9243,3024,141,10,300,69,4071,236,237,131,2460,Lodgepole_Pine
2577,3246,299,10,458,209,2971,193,237,184,3068,Lodgepole_Pine
14685,2208,61,13,60,9,726,230,212,112,1572,Cottonwood_Willow
53131,2973,150,35,400,196,800,239,214,72,981,Lodgepole_Pine
58883,2939,91,21,618,-87,713,247,201,72,1543,Lodgepole_Pine
88420,2872,266,11,240,105,2067,192,245,192,819,Lodgepole_Pine
84254,2953,352,20,313,84,834,181,202,155,1818,Lodgepole_Pine
95957,2668,60,28,277,142,999,229,171,57,1115,Lodgepole_Pine
65386,2998,90,5,872,221,1065,227,232,139,2383,Lodgepole_Pine
93543,3187,329,11,60,9,976,194,227,172,819,Spruce_Fir
68373,2834,27,7,256,46,3770,218,225,144,5558,Lodgepole_Pine
70327,3094,278,18,150,-24,3075,168,240,210,1510,Lodgepole_Pine
38388,3169,25,14,30,9,1048,213,210,131,1399,Spruce_Fir
61182,2097,10,23,150,70,433,189,188,130,664,Douglas_fir
8412,2904,8,15,450,85,1560,201,208,143,2860,Lodgepole_Pine
10429,3312,22,15,633,176,1124,210,208,131,5370,Aspen
79970,2847,356,6,330,49,2006,210,229,157,1627,Lodgepole_Pine
27825,3149,133,12,242,20,6655,239,234,124,2263,Lodgepole_Pine
6936,3477,241,20,469,222,3151,178,252,208,649,Spruce_Fir
23208,2725,188,7,242,30,2285,221,246,159,1689,Spruce_Fir
82268,2362,57,14,60,3,480,229,210,111,553,Ponderosa_Pine
75820,3098,303,7,480,44,2430,202,237,174,2132,Lodgepole_Pine
29710,3036,104,2,212,40,30,222,236,150,638,Spruce_Fir
78594,2816,264,16,134,45,2465,179,246,205,685,Lodgepole_Pine
61525,2663,156,11,153,13,932,233,241,138,1493,Lodgepole_Pine
9451,3049,295,15,134,20,3216,176,235,198,878,Spruce_Fir
8231,3145,176,13,511,51,2140,226,247,150,977,Lodgepole_Pine
27157,2947,136,19,350,146,4444,246,229,103,503,Lodgepole_Pine
93781,3041,101,19,85,28,4734,248,211,83,366,Lodgepole_Pine
62100,2959,83,9,95,11,4070,233,224,122,2382,Lodgepole_Pine
85217,2821,55,19,424,123,426,228,195,92,2490,Lodgepole_Pine
12529,3015,159,18,108,19,2162,236,240,127,1302,Lodgepole_Pine
9880,2265,2,25,175,62,900,177,185,138,1172,Douglas_fir
5133,2913,356,22,127,40,5523,180,196,150,907,Lodgepole_Pine
20949,2501,53,26,242,6,895,224,176,71,900,Lodgepole_Pine
13033,2893,95,16,67,7,5989,244,215,96,4702,Lodgepole_Pine
52854,2587,54,22,256,39,1036,227,189,85,1084,Lodgepole_Pine
103771,3236,225,18,67,15,2258,193,254,193,3073,Spruce_Fir
31479,2709,6,10,391,91,2444,208,222,150,1503,Lodgepole_Pine
24201,3175,352,22,212,32,720,176,197,155,1830,Lodgepole_Pine
85391,2595,85,6,60,-1,1114,228,230,136,514,Lodgepole_Pine
25414,2445,204,35,67,41,1452,179,245,176,691,Ponderosa_Pine
16412,2868,126,18,524,196,1006,247,225,98,553,Lodgepole_Pine
65368,3273,25,7,335,52,5476,217,225,145,525,Spruce_Fir
22724,2773,340,10,175,31,1800,198,225,166,2431,Lodgepole_Pine
81508,2865,49,25,488,101,1142,221,177,76,2133,Lodgepole_Pine
24427,2706,218,6,210,14,1864,214,246,168,4116,Lodgepole_Pine
106679,3195,355,14,495,125,2021,196,214,155,2268,Spruce_Fir
21192,3086,207,14,30,-9,1530,210,252,175,2330,Spruce_Fir
20658,3015,337,22,390,183,402,168,205,173,942,Lodgepole_Pine
51589,3272,6,23,570,144,1348,186,190,135,2100,Lodgepole_Pine
66680,2647,8,19,212,55,1544,195,199,138,2799,Douglas_fir
31333,3014,188,28,67,20,1826,209,247,153,283,Spruce_Fir
77366,2936,117,10,95,17,4729,237,231,125,5800,Lodgepole_Pine
42607,2818,11,9,430,61,3183,211,222,148,1288,Lodgepole_Pine
25082,2480,171,14,180,-62,1284,229,245,144,1583,Ponderosa_Pine
57188,3143,165,35,313,75,3506,226,225,99,992,Lodgepole_Pine
49641,2991,305,10,212,43,524,193,235,182,900,Lodgepole_Pine
18298,3206,73,24,351,37,1289,239,185,63,1290,Krummholz
56367,3184,95,17,404,108,3268,245,213,91,570,Spruce_Fir
109371,3026,79,8,67,12,3342,231,226,128,5382,Lodgepole_Pine
83539,2937,1,16,319,98,2312,194,207,148,1824,Spruce_Fir
99703,2690,13,22,150,84,2162,193,190,128,7095,Spruce_Fir
53580,2978,99,10,42,0,5252,236,227,121,2173,Spruce_Fir
51054,2975,69,10,42,0,847,231,221,122,2656,Spruce_Fir
71239,2844,344,14,120,26,4443,192,218,164,4911,Lodgepole_Pine
9094,3153,175,10,60,8,3553,226,246,151,1666,Lodgepole_Pine
16188,3346,322,15,90,13,2213,180,223,183,1554,Lodgepole_Pine
47269,2850,97,12,379,49,2110,240,222,110,2781,Lodgepole_Pine
78397,3008,342,12,153,7,3398,196,222,165,5419,Lodgepole_Pine
94378,3034,119,9,400,0,6604,235,233,128,3546,Spruce_Fir
65107,3230,45,4,30,1,3371,221,231,147,1991,Krummholz
53386,2883,256,20,180,37,5191,169,248,214,601,Lodgepole_Pine
33155,1949,82,20,108,37,108,243,200,77,573,Ponderosa_Pine
43633,3375,186,9,216,7,2583,222,247,159,484,Krummholz
74792,2975,168,15,335,-19,4464,230,245,142,2207,Lodgepole_Pine
14237,3277,220,12,430,54,3000,206,251,180,3030,Lodgepole_Pine
9134,2601,349,17,90,14,2034,187,211,160,1516,Lodgepole_Pine
51264,2816,58,21,180,60,1416,230,192,86,1514,Lodgepole_Pine
35940,2686,64,14,469,86,1148,232,211,108,2630,Lodgepole_Pine
1330,3264,0,15,426,67,3810,197,211,150,3864,Spruce_Fir
51259,2176,156,33,270,157,484,236,222,87,192,Ponderosa_Pine
39156,3171,45,3,67,1,1865,220,232,149,510,Spruce_Fir
58189,2834,124,5,30,0,4694,229,236,140,4628,Lodgepole_Pine
7967,2135,155,27,85,11,660,239,231,103,693,Ponderosa_Pine
4097,2590,56,7,210,74,1634,225,226,135,1905,Lodgepole_Pine
94049,2877,20,15,323,58,1624,208,207,133,2812,Lodgepole_Pine
60529,3362,98,10,108,5,2399,237,225,118,1142,Krummholz
36301,3035,214,5,1020,235,2880,215,245,167,1291,Lodgepole_Pine
50013,2850,33,20,242,64,3663,212,191,107,2787,Lodgepole_Pine
47257,3304,81,14,603,26,888,238,214,104,5610,Spruce_Fir
28553,2365,240,27,42,18,1182,160,250,219,886,Douglas_fir
42608,3068,15,31,474,199,474,176,160,106,1812,Ponderosa_Pine
55430,2765,25,22,90,17,1282,203,187,112,1031,Spruce_Fir
25766,3120,5,10,162,15,5040,208,221,150,2361,Lodgepole_Pine
46543,2859,63,19,335,168,350,233,199,91,1482,Lodgepole_Pine
81673,3223,326,17,641,33,1863,176,219,182,420,Spruce_Fir
55001,1964,48,27,162,65,210,218,170,70,582,Douglas_fir
8,3341,133,15,638,135,466,243,231,112,242,Spruce_Fir
31459,2955,307,14,190,41,1691,180,231,191,1332,Lodgepole_Pine
39968,3163,28,18,30,4,1100,210,197,117,658,Spruce_Fir
71935,3028,265,8,390,-6,2765,199,244,184,1597,Spruce_Fir
87934,2942,318,12,342,35,5151,188,229,180,1764,Aspen
13368,3269,69,7,234,24,937,227,227,134,815,Spruce_Fir
35417,2729,341,30,150,44,1328,142,180,167,1655,Lodgepole_Pine
80,3271,97,13,277,-59,700,241,220,106,3500,Douglas_fir
13960,2848,59,21,470,135,2577,231,190,83,283,Spruce_Fir
10873,2930,133,23,360,103,1031,249,222,89,488,Spruce_Fir
14664,2784,248,19,240,12,1505,176,250,209,1405,Lodgepole_Pine
77726,3030,307,16,330,33,2603,175,229,194,994,Spruce_Fir
11271,2117,23,31,330,59,841,186,157,90,845,Douglas_fir
74082,3067,140,19,242,59,742,244,231,108,1361,Lodgepole_Pine
72423,3004,80,10,362,55,2155,234,223,120,693,Spruce_Fir
36764,2919,52,12,85,3,4603,226,215,121,1727,Lodgepole_Pine
19336,2940,347,8,42,1,1542,206,228,160,3371,Spruce_Fir
55129,3142,135,9,0,0,1310,235,236,132,2550,Spruce_Fir
51502,3280,290,14,558,98,708,179,237,198,272,Spruce_Fir
500,2933,65,13,90,11,1878,232,214,112,2335,Lodgepole_Pine
31055,3016,50,7,162,9,3048,224,224,135,1683,Spruce_Fir
76134,2887,219,13,134,34,4016,205,252,182,3573,Lodgepole_Pine
23773,2691,54,26,150,52,2529,224,174,67,960,Lodgepole_Pine
60049,3394,176,10,720,188,1616,225,246,152,1590,Spruce_Fir
73917,3164,92,6,42,2,4552,230,231,135,1902,Spruce_Fir
20845,2649,138,27,470,240,446,249,218,78,1458,Ponderosa_Pine
95010,2709,21,11,0,0,2700,213,217,140,532,Lodgepole_Pine
59388,3179,307,7,277,29,4790,200,236,176,2477,Krummholz
24519,2383,25,31,60,33,1057,188,159,91,765,Douglas_fir
16643,3251,338,5,450,156,5076,209,233,162,1802,Spruce_Fir
28008,2535,316,30,324,147,661,127,199,204,1195,Douglas_fir
95155,2966,21,11,319,60,872,213,217,140,2012,Lodgepole_Pine
15924,3155,77,13,365,114,1020,236,216,108,1410,Lodgepole_Pine
94188,2942,74,17,42,9,2039,238,205,92,2773,Lodgepole_Pine
73782,2541,83,11,150,23,67,235,221,116,607,Lodgepole_Pine
39020,2889,236,18,450,108,1380,187,253,200,1599,Lodgepole_Pine
18571,2778,140,14,95,26,3750,240,235,122,5554,Lodgepole_Pine
8837,3057,103,16,524,30,6684,245,219,99,2683,Lodgepole_Pine
67715,3276,96,14,124,12,1395,242,218,103,3211,Douglas_fir
8972,3322,112,18,518,127,376,248,219,93,418,Spruce_Fir
59926,3168,125,4,42,0,2122,226,237,145,4191,Spruce_Fir
78011,3333,10,28,272,66,5305,177,171,119,547,Spruce_Fir
37917,2654,163,28,330,-81,997,233,235,114,853,Lodgepole_Pine
60675,3187,42,18,60,8,1585,220,199,108,2452,Spruce_Fir
25904,2768,359,10,297,56,2951,205,221,154,1208,Aspen
100344,3234,123,41,418,77,1080,249,174,9,1116,Lodgepole_Pine
68002,3245,250,6,685,108,2023,206,245,176,2115,Spruce_Fir
98216,3035,145,17,240,20,1756,241,235,118,1209,Spruce_Fir
32000,3303,113,21,335,18,1595,251,213,79,2068,Spruce_Fir
95522,3271,355,11,150,14,4650,201,220,156,830,Spruce_Fir
102371,3388,291,12,376,73,1707,186,238,192,2014,Spruce_Fir
3199,2818,297,8,175,18,2743,196,238,181,4291,Lodgepole_Pine
98659,2918,338,17,120,13,3463,182,214,171,1621,Lodgepole_Pine
61466,2701,340,21,319,71,2045,172,205,170,2349,Douglas_fir
7107,2859,315,26,153,57,4680,144,210,201,309,Lodgepole_Pine
93026,3212,237,21,594,133,3467,177,253,208,1959,Spruce_Fir
27654,3420,77,6,382,-40,1026,228,228,134,765,Krummholz
19660,3240,268,14,633,37,1549,183,245,201,1332,Spruce_Fir
91962,3084,348,18,175,-3,2402,183,208,161,638,Spruce_Fir
51209,3296,62,16,547,117,4060,232,206,102,2808,Spruce_Fir
53003,3166,320,25,295,5,3447,147,207,195,2010,Spruce_Fir
78712,3281,162,2,382,41,5083,221,239,154,730,Lodgepole_Pine
15770,2946,239,26,390,237,2374,165,251,216,1055,Lodgepole_Pine
23351,2905,14,4,426,46,3951,216,231,153,3390,Lodgepole_Pine
9694,3202,285,20,384,59,1932,160,235,213,3325,Spruce_Fir
71079,2636,33,17,134,14,492,214,200,117,1445,Lodgepole_Pine
42286,2202,247,6,240,130,30,207,245,176,402,Ponderosa_Pine
30126,3070,92,22,255,52,4239,247,201,72,2616,Lodgepole_Pine
41946,3183,29,12,457,12,2049,216,213,131,993,Spruce_Fir
100976,3086,34,18,309,22,4195,215,199,114,3027,Lodgepole_Pine
69152,3138,22,24,234,66,3303,198,181,110,1500,Spruce_Fir
108368,3014,273,9,382,94,3081,195,243,187,902,Lodgepole_Pine
20772,2837,29,2,85,2,541,218,233,152,607,Lodgepole_Pine
26693,2848,111,19,285,52,872,249,216,87,607,Lodgepole_Pine
92818,3031,170,12,750,125,5701,229,245,147,3164,Lodgepole_Pine
52740,2868,104,12,366,66,2760,241,224,111,1891,Lodgepole_Pine
22112,2191,327,27,234,120,666,144,198,188,391,Ponderosa_Pine
21435,3160,15,16,1170,291,2895,204,206,136,1895,Lodgepole_Pine
56431,3119,354,19,787,200,4344,184,203,154,3742,Spruce_Fir
51801,3298,42,12,424,83,4374,222,213,124,1909,Spruce_Fir
108393,2975,306,12,339,131,5420,185,233,188,5005,Lodgepole_Pine
10198,2448,224,25,30,3,1129,180,254,201,698,Ponderosa_Pine
10601,2989,47,12,390,6,912,224,214,122,1746,Spruce_Fir
45549,3195,90,8,90,20,4179,233,227,127,3266,Spruce_Fir
96006,2931,266,25,268,74,2746,150,241,226,780,Lodgepole_Pine
34097,3168,207,12,331,45,2359,212,251,172,940,Lodgepole_Pine
83030,2801,356,10,616,86,2977,204,223,156,1482,Lodgepole_Pine
50356,3041,203,12,600,155,5959,214,251,170,5263,Lodgepole_Pine
108576,2565,85,12,228,39,759,237,220,112,3520,Lodgepole_Pine
54458,2417,186,15,272,76,780,222,249,157,1191,Ponderosa_Pine
18799,2847,90,9,313,26,3690,235,225,121,6156,Lodgepole_Pine
70983,3110,48,7,67,4,1110,223,225,137,2131,Lodgepole_Pine
81663,3324,349,14,30,2,1358,193,216,160,1590,Spruce_Fir
15296,2218,10,12,342,159,511,206,215,145,360,Ponderosa_Pine
85858,2948,62,10,60,16,2308,229,219,122,560,Lodgepole_Pine
81149,3077,236,3,677,78,5652,213,242,166,3650,Spruce_Fir
3628,3254,321,6,408,55,485,204,234,169,1315,Spruce_Fir
99265,3178,327,22,1026,387,1477,160,208,185,1006,Spruce_Fir
18626,3040,269,23,240,43,895,156,241,222,2669,Spruce_Fir
15417,3059,15,5,42,1,1288,216,230,152,1848,Lodgepole_Pine
107896,2892,19,11,834,79,2279,212,216,140,990,Lodgepole_Pine
3086,2821,72,20,598,277,1324,238,197,81,955,Lodgepole_Pine
37946,2517,130,13,228,62,875,240,233,120,907,Ponderosa_Pine
15941,3094,311,14,67,3,3810,182,230,187,1025,Spruce_Fir
30116,3104,359,25,228,60,872,173,184,141,1914,Spruce_Fir
14274,3036,77,19,531,22,3054,240,201,84,268,Spruce_Fir
64986,3098,68,28,511,23,1516,236,173,51,3152,Lodgepole_Pine
38109,2814,36,17,324,76,1594,217,200,113,1509,Lodgepole_Pine
4354,2578,59,6,390,8,2748,224,228,139,2773,Spruce_Fir
10245,3078,273,13,201,24,630,185,243,197,981,Lodgepole_Pine
22178,2886,108,20,360,90,841,249,213,83,968,Ponderosa_Pine
68444,3253,148,12,242,47,1657,236,239,131,1879,Spruce_Fir
14900,3219,323,10,309,44,379,194,230,175,1180,Spruce_Fir
43757,3107,315,6,67,4,4512,203,235,171,3314,Spruce_Fir
36698,3200,143,7,162,1,2630,231,239,140,938,Spruce_Fir
41916,2875,251,24,418,155,2357,160,248,221,451,Spruce_Fir
108243,3150,160,21,150,-5,3092,236,239,122,960,Lodgepole_Pine
20139,2425,10,30,170,52,618,173,165,115,1116,Ponderosa_Pine
90406,3041,25,4,830,174,6064,218,231,150,3590,Lodgepole_Pine
99551,3266,187,16,270,60,1839,220,250,158,1595,Spruce_Fir
11473,2442,314,21,430,233,1101,160,218,197,781,Ponderosa_Pine
17306,3371,11,5,361,89,2032,215,230,152,2960,Spruce_Fir
87373,2792,69,16,60,20,1837,235,207,99,1754,Aspen
37884,2567,40,19,270,-34,1481,218,194,104,1144,Krummholz
58440,2968,350,8,430,3,4575,205,226,159,2892,Spruce_Fir
98963,3004,38,8,503,-9,3178,220,222,137,5801,Lodgepole_Pine
104819,3484,18,13,510,136,4183,209,212,138,3339,Krummholz
77284,2764,57,12,108,2,1770,228,215,119,1328,Lodgepole_Pine
36999,2174,334,31,85,31,1022,135,183,178,742,Ponderosa_Pine
10409,3289,106,9,120,-6,3989,235,229,125,2207,Spruce_Fir
109181,2981,116,35,60,-26,999,254,183,24,1499,Lodgepole_Pine
15188,2888,99,23,192,77,2370,250,202,68,1734,Lodgepole_Pine
102995,2893,217,19,323,148,1684,197,254,188,1770,Lodgepole_Pine
54869,2886,107,13,90,6,5087,242,223,108,4243,Lodgepole_Pine
15176,3002,67,27,339,135,1771,235,176,56,2738,Spruce_Fir
71193,2932,239,20,751,387,1103,180,252,206,1819,Lodgepole_Pine
58316,2772,126,8,30,-4,1680,235,234,131,2387,Lodgepole_Pine
50320,2784,90,5,335,28,2133,227,232,139,1742,Lodgepole_Pine
15126,3050,50,25,277,35,4692,222,178,76,2964,Cottonwood_Willow
57915,3546,73,17,331,112,2669,237,206,94,2200,Spruce_Fir
71141,3128,125,15,285,39,150,244,228,110,3824,Lodgepole_Pine
65941,3276,341,9,875,-14,1734,202,228,164,2674,Lodgepole_Pine
64121,2372,230,8,390,206,1436,208,247,176,685,Ponderosa_Pine
19057,3426,295,13,108,18,5209,184,236,192,3900,Krummholz
25567,3104,47,10,30,4,2828,224,217,127,3131,Lodgepole_Pine
10445,3090,56,7,85,4,4116,225,226,135,2895,Lodgepole_Pine
66760,3233,104,25,85,47,3344,252,200,60,3705,Spruce_Fir
19805,2912,204,3,309,32,3890,218,242,161,4078,Lodgepole_Pine
108863,2914,340,7,90,5,4335,205,230,163,4352,Lodgepole_Pine
33225,2715,311,13,67,23,2056,184,231,186,6373,Lodgepole_Pine
64746,2197,8,32,60,24,1573,165,159,116,258,Douglas_fir
96330,2446,292,11,306,85,750,188,238,189,1414,Douglas_fir
30308,2850,315,19,60,14,2589,166,221,194,1380,Lodgepole_Pine
87416,2649,78,15,90,-20,1170,238,211,99,2083,Lodgepole_Pine
61990,2817,33,15,365,83,150,216,207,123,859,Lodgepole_Pine
8218,2931,198,10,424,46,2640,217,249,166,2184,Lodgepole_Pine
81744,2763,129,24,150,-38,547,251,217,79,324,Aspen
5261,2606,260,16,342,19,977,181,247,204,1706,Lodgepole_Pine
39717,3179,5,11,886,-23,1249,205,218,149,1543,Spruce_Fir
56002,3485,347,15,488,143,1273,190,214,162,1677,Krummholz
8208,3199,121,17,408,108,5287,246,225,102,1507,Spruce_Fir
26112,2613,130,16,376,99,765,244,229,109,1591,Ponderosa_Pine
98974,3039,29,2,547,94,4375,218,233,152,1638,Lodgepole_Pine
62328,3280,90,24,750,99,1676,248,194,60,2464,Lodgepole_Pine
54260,2798,355,13,466,195,1332,197,216,155,1092,Lodgepole_Pine
76137,3187,192,24,108,42,2524,210,250,161,1214,Spruce_Fir
45130,3205,215,19,390,89,2670,197,254,187,3171,Lodgepole_Pine
95405,2608,60,7,255,57,800,225,226,135,601,Lodgepole_Pine
31651,2996,340,18,582,237,703,180,212,169,1423,Lodgepole_Pine
7812,3278,92,20,426,97,4020,247,204,77,1006,Spruce_Fir
40549,2685,350,19,150,53,735,182,205,159,2060,Spruce_Fir
81442,3054,92,35,240,79,1922,248,163,12,3761,Krummholz
54881,3082,30,40,60,45,2448,175,123,54,966,Spruce_Fir
108385,2989,181,12,192,32,3901,224,247,155,2650,Lodgepole_Pine
11587,2946,197,14,108,14,1026,216,251,167,663,Spruce_Fir
13113,2843,40,36,120,69,4135,199,140,50,757,Aspen
52913,2938,39,3,234,0,1480,220,232,149,285,Lodgepole_Pine
108569,3266,279,8,725,158,6122,199,241,182,2670,Lodgepole_Pine
8515,2658,50,8,162,6,1263,224,223,134,1318,Lodgepole_Pine
47830,2540,49,16,330,80,1055,225,204,109,1282,Ponderosa_Pine
95837,3172,14,8,90,-2,3326,213,224,148,4846,Spruce_Fir
6827,2875,349,15,175,47,1543,192,214,160,1053,Lodgepole_Pine
65783,2587,215,23,283,172,1747,191,254,191,547,Ponderosa_Pine
95047,3064,343,19,362,62,3528,177,207,166,1981,Spruce_Fir
100396,3207,65,19,552,116,2975,234,198,88,1816,Spruce_Fir
57899,3258,268,6,331,12,4364,205,242,176,735,Spruce_Fir
56038,3043,159,10,331,92,1559,231,242,142,1252,Lodgepole_Pine
29885,3153,17,7,319,34,1630,214,225,147,997,Lodgepole_Pine
274,3126,162,12,150,17,2230,232,243,141,2406,Aspen
107907,2631,332,9,335,81,1542,198,228,170,1736,Lodgepole_Pine
96442,2194,23,31,212,119,720,185,157,91,395,Ponderosa_Pine
12398,2992,5,13,90,12,1180,204,215,148,755,Spruce_Fir
102537,2850,357,23,124,33,997,177,192,147,1950,Cottonwood_Willow
60712,2750,281,5,371,49,1381,206,240,173,1935,Aspen
9290,2971,45,1,60,2,1273,219,235,153,331,Spruce_Fir
72510,3197,180,17,42,8,3182,224,248,151,842,Spruce_Fir
84157,3016,35,13,201,-1,1697,218,210,125,1271,Spruce_Fir
41133,2968,78,28,170,36,2037,242,178,47,3020,Spruce_Fir
55647,2750,69,32,108,71,1517,234,160,33,1082,Spruce_Fir
22670,3103,25,24,752,254,767,200,182,108,1482,Lodgepole_Pine
84954,2940,67,18,433,135,457,235,200,90,661,Lodgepole_Pine
30237,3020,63,21,170,25,4590,233,191,80,2631,Spruce_Fir
41744,2709,7,10,30,5,2460,208,220,149,5286,Lodgepole_Pine
18882,2897,276,34,450,248,2017,110,223,241,1471,Lodgepole_Pine
39644,3234,45,5,819,66,3874,221,229,143,2310,Spruce_Fir
30695,3174,300,27,339,130,150,134,216,218,2250,Spruce_Fir
28754,3093,205,10,60,3,3156,215,249,169,5540,Spruce_Fir
10672,2942,80,11,769,147,2876,235,220,116,1530,Lodgepole_Pine
87253,3197,345,7,90,10,2223,206,229,161,2991,Lodgepole_Pine
33693,2858,345,17,67,14,3267,184,211,164,2506,Lodgepole_Pine
61105,3206,5,3,247,23,5488,216,234,155,2311,Spruce_Fir
39431,2798,90,11,42,5,942,237,223,116,2591,Lodgepole_Pine
53999,2701,20,17,319,39,3316,206,202,129,2980,Spruce_Fir
96238,2975,41,19,339,62,4603,219,194,103,4243,Spruce_Fir
73012,3372,228,23,342,62,3714,179,254,204,794,Spruce_Fir
32568,3174,204,3,120,3,5039,218,242,161,2403,Spruce_Fir
50840,2854,310,4,42,2,3209,209,237,167,3141,Lodgepole_Pine
66585,2819,33,14,150,15,1742,216,209,125,1624,Lodgepole_Pine
25639,2893,136,14,268,83,268,241,234,119,1248,Ponderosa_Pine
1315,2140,171,28,120,59,571,226,239,126,601,Aspen
82782,3035,270,6,283,29,2802,205,242,176,342,Spruce_Fir
33738,3382,103,5,295,27,3432,229,233,138,2126,Krummholz
3684,2785,58,6,170,21,3055,224,228,138,5298,Lodgepole_Pine
87778,3075,9,27,228,59,1398,178,174,123,1448,Lodgepole_Pine
4537,2999,24,22,90,29,2503,203,188,114,1691,Spruce_Fir
60958,3433,304,16,268,25,5102,175,230,195,4021,Krummholz
60142,2807,46,25,552,250,1342,218,177,80,891,Lodgepole_Pine
60419,3335,38,13,446,-2,1660,219,210,123,2094,Spruce_Fir
102052,3301,38,14,306,67,1677,219,208,121,2259,Spruce_Fir
30631,2916,219,36,787,169,3978,155,245,203,1406,Lodgepole_Pine
32465,3399,325,32,234,45,2823,125,187,192,2387,Spruce_Fir
22955,2885,44,16,511,59,1020,222,203,111,1680,Lodgepole_Pine
57931,2713,61,17,531,51,3155,231,202,98,2773,Spruce_Fir
6376,3454,65,18,659,239,2304,234,201,92,1794,Spruce_Fir
43037,2973,193,4,268,117,2522,219,243,160,2142,Lodgepole_Pine
10684,3247,344,7,60,6,4511,206,229,162,693,Spruce_Fir
98514,2863,125,15,182,-41,1293,244,228,110,1831,Spruce_Fir
76612,2415,56,22,108,28,525,228,189,83,566,Lodgepole_Pine
96800,2797,265,25,60,22,2160,148,241,227,1611,Spruce_Fir
2366,2766,23,15,150,32,1570,210,206,129,2885,Lodgepole_Pine
30189,3064,245,10,618,82,2773,200,248,186,1082,Spruce_Fir
71351,2959,42,19,323,89,1825,219,195,104,2980,Lodgepole_Pine
34247,2459,100,7,342,125,1040,231,231,133,918,Ponderosa_Pine
30852,3102,210,22,216,82,3159,197,254,184,1245,Lodgepole_Pine
89943,3543,86,14,927,324,2621,240,216,103,997,Spruce_Fir
38066,2835,87,9,30,3,2480,234,224,121,2268,Lodgepole_Pine
50505,2960,352,5,663,175,1064,211,231,158,2572,Lodgepole_Pine
43227,2910,33,18,570,279,765,213,197,113,638,Lodgepole_Pine
56679,3187,57,14,182,-3,379,229,210,111,1800,Spruce_Fir
87839,3213,49,5,42,0,330,222,228,141,979,Lodgepole_Pine
39739,3197,153,13,134,17,5259,235,240,134,1198,Spruce_Fir
96314,3075,238,21,201,28,3055,177,252,208,641,Lodgepole_Pine
36190,3265,45,14,285,39,4402,223,208,116,1476,Spruce_Fir
40797,3334,44,25,242,87,2236,216,178,83,1187,Krummholz
109725,2679,29,32,323,183,916,190,153,79,1194,Lodgepole_Pine
33727,2047,31,21,216,54,272,210,190,109,277,Ponderosa_Pine
59380,3245,157,9,300,45,3039,230,242,143,319,Spruce_Fir
10879,3260,105,11,247,50,277,239,226,116,618,Lodgepole_Pine
27308,2939,23,14,134,17,4999,211,209,132,3203,Spruce_Fir
45793,2986,65,9,150,17,2529,229,222,126,1731,Douglas_fir
41237,3206,98,21,216,37,1328,249,206,75,1299,Krummholz
11437,2541,255,11,212,34,1087,194,247,191,960,Lodgepole_Pine
90811,2404,63,16,60,3,497,232,207,102,537,Lodgepole_Pine
76744,3379,95,10,330,40,1794,236,225,120,3101,Spruce_Fir
44738,2942,206,9,192,29,1626,215,249,169,1226,Spruce_Fir
40822,2732,65,24,42,6,180,234,184,68,2132,Aspen
26365,3276,126,29,450,239,3933,253,206,58,2698,Spruce_Fir
42390,3051,320,4,309,-17,1967,210,236,164,2087,Lodgepole_Pine
94390,3183,10,20,350,106,3240,193,194,133,1594,Spruce_Fir
84322,2867,125,18,201,62,218,247,224,99,1230,Lodgepole_Pine
92189,3245,50,11,108,26,2851,225,215,123,2394,Spruce_Fir
68166,2972,250,8,698,-3,5435,203,246,181,1804,Lodgepole_Pine
61348,3221,358,23,450,93,1442,177,190,145,2012,Lodgepole_Pine
27121,3423,310,15,384,77,5005,178,229,190,743,Spruce_Fir
40960,2657,122,9,30,-2,1321,236,233,127,721,Lodgepole_Pine
20817,2731,21,11,60,6,1233,212,216,139,2474,Lodgepole_Pine
48970,3043,160,10,67,-9,2255,231,242,142,3852,Spruce_Fir
34229,3569,23,7,324,76,1773,216,225,145,1490,Krummholz
29035,2457,336,3,371,141,1103,213,235,160,858,Ponderosa_Pine
57319,2702,55,8,384,19,1775,225,223,132,6069,Lodgepole_Pine
37070,2822,308,8,180,55,1381,198,235,177,1260,Lodgepole_Pine
78538,3324,244,6,120,13,1142,208,245,175,1693,Krummholz
33996,2076,114,33,256,123,295,254,187,31,514,Ponderosa_Pine
22312,2762,300,26,120,30,2315,137,219,217,573,Lodgepole_Pine
68082,2568,352,16,450,81,870,189,210,157,1129,Krummholz
5846,3272,196,17,424,96,3267,214,252,166,2973,Ponderosa_Pine
39115,2669,332,27,175,76,1237,149,196,180,1959,Douglas_fir
93726,3001,94,21,67,23,4445,248,203,74,2547,Lodgepole_Pine
48494,3286,83,11,67,26,5918,236,220,114,591,Spruce_Fir
34607,2987,18,19,277,128,1412,202,197,126,3163,Spruce_Fir
48880,2991,21,11,212,36,4011,213,217,140,1074,Lodgepole_Pine
102026,3011,180,4,660,125,1611,221,242,156,2058,Lodgepole_Pine
12152,3203,357,13,256,39,1900,199,216,154,2223,Spruce_Fir
75366,2660,195,27,180,-43,541,203,250,165,765,Lodgepole_Pine
16072,3017,186,27,300,191,2785,212,247,151,1120,Lodgepole_Pine
69228,3050,52,17,537,134,4526,226,202,104,3822,Spruce_Fir
103406,3336,331,13,700,188,4147,188,223,174,2407,Lodgepole_Pine
15823,2988,189,12,95,10,5566,220,249,160,2553,Spruce_Fir
93740,2995,112,9,277,58,4729,235,231,127,1566,Lodgepole_Pine
75462,2701,149,3,120,9,1890,223,239,151,4073,Lodgepole_Pine
3509,3037,108,10,488,134,4252,237,229,122,4777,Lodgepole_Pine
72495,3031,225,13,67,4,5748,202,252,185,2568,Spruce_Fir
46843,2194,345,27,150,60,955,156,186,162,541,Ponderosa_Pine
6294,2333,277,21,277,128,890,158,239,218,576,Ponderosa_Pine
77395,2804,35,8,541,61,3125,219,223,139,6476,Lodgepole_Pine
33287,2803,57,13,30,5,780,228,212,115,330,Lodgepole_Pine
93606,2749,261,3,127,1,1771,212,241,166,726,Lodgepole_Pine
28118,2618,52,26,60,27,1266,223,174,70,924,Lodgepole_Pine
61083,3216,313,8,268,46,1387,198,234,176,2249,Aspen
97051,2694,340,17,95,29,2520,182,213,169,792,Lodgepole_Pine
32581,3051,151,17,212,35,1674,239,238,121,2295,Spruce_Fir
73853,3320,169,7,540,132,1277,226,243,151,2589,Lodgepole_Pine
8552,3199,283,17,108,25,726,172,239,206,2490,Spruce_Fir
80395,2952,113,5,240,26,4989,230,234,138,6405,Lodgepole_Pine
39681,2978,248,11,607,80,5867,197,248,189,5991,Lodgepole_Pine
19993,2635,171,26,95,56,1772,227,240,128,1234,Ponderosa_Pine
7249,3193,48,13,532,107,3020,224,212,120,1786,Spruce_Fir
27043,2900,194,28,301,-36,3306,203,249,163,1437,Lodgepole_Pine
28983,2953,352,13,591,76,604,197,218,158,1106,Spruce_Fir
9627,3108,336,13,309,17,2495,190,222,170,1020,Spruce_Fir
26806,3047,15,7,201,11,1546,214,225,148,2800,Spruce_Fir
26404,3157,325,14,162,12,3562,185,224,179,1954,Spruce_Fir
45245,2766,160,14,67,13,3024,234,242,135,2821,Lodgepole_Pine
45769,3079,238,22,721,266,1986,175,252,209,812,Lodgepole_Pine
24503,2968,89,10,384,54,3594,235,224,120,2074,Lodgepole_Pine
96133,3018,181,16,690,151,5857,224,248,152,3883,Lodgepole_Pine
11211,2721,38,27,67,35,1653,208,169,81,1114,Lodgepole_Pine
43662,2956,196,10,175,-13,1419,218,249,164,531,Lodgepole_Pine
75269,2757,149,19,283,51,577,241,235,116,543,Aspen
68854,2835,138,11,30,2,4784,237,236,128,67,Spruce_Fir
35968,3235,283,29,924,151,3615,129,227,231,2270,Spruce_Fir
90494,2610,74,8,30,0,1624,230,224,127,5100,Lodgepole_Pine
38502,3231,32,9,467,17,3840,218,221,139,3078,Spruce_Fir
70613,2939,5,9,60,7,3720,209,223,152,6415,Lodgepole_Pine
1374,2675,181,18,67,16,2123,223,248,151,1786,Lodgepole_Pine
3623,2878,352,28,218,29,234,160,180,150,1681,Spruce_Fir
3161,3253,179,30,361,129,2836,217,241,135,876,Spruce_Fir
46020,2402,285,20,240,72,228,161,235,212,541,Ponderosa_Pine
4555,2864,224,34,162,48,1240,156,248,209,134,Lodgepole_Pine
4836,3044,131,15,108,23,3882,243,231,112,2671,Lodgepole_Pine
59618,3139,326,7,150,44,4526,203,232,168,1332,Spruce_Fir
106480,3143,101,25,247,44,1365,252,198,59,2265,Spruce_Fir
21293,3034,107,10,514,69,5407,237,228,121,6169,Lodgepole_Pine
14587,2698,45,25,247,93,1082,218,178,82,1265,Lodgepole_Pine
82604,2823,97,19,335,68,1782,247,209,83,2727,Lodgepole_Pine
427,2821,2,16,120,17,3443,196,208,147,5933,Lodgepole_Pine
28689,3023,88,24,95,20,618,247,193,61,1852,Spruce_Fir
14758,3209,103,9,175,-2,2460,235,229,125,1110,Spruce_Fir
49304,2443,295,26,283,8,600,140,223,219,1678,Ponderosa_Pine
78644,2356,45,4,0,0,516,221,230,145,816,Douglas_fir
36754,2704,35,21,210,73,1172,213,190,105,1892,Lodgepole_Pine
11491,3227,23,18,560,173,3702,207,200,124,1869,Spruce_Fir
15373,2225,347,31,150,113,716,146,173,155,319,Ponderosa_Pine
70136,2992,71,9,541,14,4329,230,223,126,4779,Lodgepole_Pine
52551,2625,137,15,150,46,1639,242,233,115,1131,Ponderosa_Pine
29754,3182,270,5,480,89,2910,206,242,174,3503,Spruce_Fir
55873,2619,12,23,446,144,711,190,187,127,510,Lodgepole_Pine
10856,3061,298,16,450,132,5923,173,232,199,1513,Lodgepole_Pine
108198,2929,159,24,180,40,1249,237,236,115,674,Lodgepole_Pine
31169,3335,295,20,190,67,5371,159,230,209,875,Spruce_Fir
13060,2765,299,13,60,6,2226,183,235,192,942,Lodgepole_Pine
26615,3139,283,13,360,43,1744,185,240,195,2672,Spruce_Fir
7356,2793,144,4,242,20,2133,226,239,148,2525,Lodgepole_Pine
58936,3371,18,23,361,147,1994,196,185,118,2059,Spruce_Fir
61660,2982,24,10,216,46,2856,215,218,139,1410,Lodgepole_Pine
27479,2610,241,9,297,41,1441,204,248,181,1410,Lodgepole_Pine
25404,2373,333,20,127,41,1500,170,210,177,390,Douglas_fir
52886,2872,48,25,324,22,1643,220,178,79,937,Lodgepole_Pine
108372,2946,36,17,495,65,1790,217,200,113,3037,Lodgepole_Pine
9838,2895,101,26,553,90,558,252,196,56,693,Spruce_Fir
43359,3068,11,5,170,7,3497,215,230,152,1507,Lodgepole_Pine
79031,2632,346,26,242,-33,1682,160,187,160,1561,Lodgepole_Pine
59315,2337,109,33,258,112,534,254,183,28,1764,Cottonwood_Willow
32788,3070,217,7,541,69,5824,213,247,171,1652,Spruce_Fir
72454,3276,293,26,240,58,607,138,224,221,1100,Lodgepole_Pine
107931,3021,276,27,573,331,2190,139,234,229,1396,Lodgepole_Pine
74232,3082,359,15,421,223,799,196,211,151,3081,Lodgepole_Pine
104792,3432,112,26,270,69,3967,253,203,61,3622,Krummholz
263,3188,286,7,649,177,1680,201,240,179,702,Spruce_Fir
102272,3310,302,18,150,28,2084,166,229,202,2409,Spruce_Fir
61862,3169,141,17,60,11,1410,243,233,113,2516,Lodgepole_Pine
87256,2871,67,19,228,66,256,235,199,87,450,Ponderosa_Pine
84202,2802,89,23,95,36,3958,247,196,65,983,Lodgepole_Pine
43428,2675,343,15,30,7,1243,188,216,166,3249,Lodgepole_Pine
13526,3072,292,3,30,1,3599,212,238,165,2249,Aspen
58166,3181,155,7,30,1,3540,228,241,146,3145,Spruce_Fir
3610,3091,288,14,134,15,1493,181,238,197,1998,Spruce_Fir
15562,3580,17,7,350,119,1745,214,225,147,1531,Krummholz
26954,3270,28,10,1060,144,3858,216,218,137,2575,Spruce_Fir
12062,2978,45,2,192,19,4741,220,234,151,5480,Aspen
100078,3057,79,4,573,53,5791,224,233,144,4025,Spruce_Fir
108928,3048,302,8,470,86,703,199,237,177,691,Lodgepole_Pine
103213,2518,111,6,242,37,1120,230,234,137,4737,Lodgepole_Pine
80291,2396,287,19,182,90,1142,163,235,211,1455,Douglas_fir
48647,2973,54,24,485,188,2072,226,180,75,2118,Spruce_Fir
16310,2867,34,17,319,72,3257,215,201,117,853,Lodgepole_Pine
34210,3063,323,12,256,9,2295,188,227,178,700,Spruce_Fir
38809,3303,15,25,268,95,2126,189,180,119,1170,Krummholz
30220,2236,71,30,270,185,534,237,168,41,242,Cottonwood_Willow
257,2900,63,18,301,95,330,233,201,93,1361,Krummholz
70585,3270,317,17,218,42,4036,174,223,188,1266,Spruce_Fir
72924,2964,33,16,120,3,1206,215,203,119,1082,Spruce_Fir
104508,3076,39,6,395,75,2200,221,226,141,2652,Spruce_Fir
92033,3241,313,20,589,23,3697,163,221,196,1364,Spruce_Fir
73933,3232,137,20,339,69,5112,247,228,100,1652,Spruce_Fir
37356,2998,6,14,283,-23,1406,202,213,146,811,Spruce_Fir
35403,2791,76,16,402,41,1756,239,207,94,1800,Lodgepole_Pine
81520,3210,70,8,324,62,5762,229,225,129,2219,Lodgepole_Pine
108189,2972,337,12,60,20,4781,194,224,169,5922,Lodgepole_Pine
61444,2937,74,23,283,134,295,240,190,68,1443,Spruce_Fir
60752,3126,35,16,499,13,3937,216,202,117,3340,Lodgepole_Pine
63776,2940,47,22,30,16,420,221,185,87,1620,Lodgepole_Pine
107805,2822,51,17,90,29,2665,226,200,101,2763,Lodgepole_Pine
58611,2903,98,24,212,89,218,251,198,61,1031,Lodgepole_Pine
40250,3222,183,23,876,-47,4158,219,248,149,1549,Ponderosa_Pine
59478,2503,308,30,85,36,757,125,206,214,598,Douglas_fir
51333,3003,63,19,242,36,4751,233,198,90,1765,Spruce_Fir
44548,3043,239,10,319,38,1779,202,248,183,1510,Spruce_Fir
60456,2906,243,19,283,93,1666,180,252,206,741,Lodgepole_Pine
52220,3335,174,10,309,-34,3139,226,245,152,469,Spruce_Fir
19624,2965,211,8,127,-7,1187,213,248,170,799,Lodgepole_Pine
18868,3070,32,21,402,27,1104,210,190,108,2060,Spruce_Fir
38962,2958,254,16,127,22,2686,181,249,205,1964,Lodgepole_Pine
24651,3254,219,23,361,-13,3177,187,254,194,470,Spruce_Fir
29579,3288,232,9,108,9,3284,206,248,179,1557,Spruce_Fir
108721,3022,48,13,404,46,1140,224,211,119,1090,Lodgepole_Pine
96693,3024,57,11,350,33,5511,228,217,121,5115,Krummholz
59864,3049,355,20,335,190,778,183,201,152,3144,Lodgepole_Pine
13160,2942,22,5,30,1,2070,217,229,149,1613,Spruce_Fir
97136,2936,162,8,85,10,5246,228,242,147,3223,Spruce_Fir
40294,2922,101,10,595,39,4609,236,227,121,5360,Lodgepole_Pine
1987,2689,91,9,134,12,1412,235,226,122,1387,Lodgepole_Pine
31966,3154,79,18,85,15,2234,240,205,89,2629,Lodgepole_Pine
12169,3127,249,3,90,6,2248,212,242,167,2167,Lodgepole_Pine
30948,2449,353,27,170,84,671,163,182,150,886,Douglas_fir
110332,2351,356,11,283,88,1106,202,220,155,713,Douglas_fir
63877,3264,90,16,270,54,323,243,213,96,649,Lodgepole_Pine
65014,3220,223,15,497,-26,2928,199,253,188,124,Lodgepole_Pine
101344,3243,53,2,540,0,4428,221,234,150,2434,Spruce_Fir
828,2769,333,17,108,28,1544,180,216,175,2617,Lodgepole_Pine
43689,3290,202,4,459,95,5136,218,244,162,1057,Lodgepole_Pine
20974,3191,29,30,618,-3,871,194,159,84,1622,Spruce_Fir
8479,2923,81,16,300,59,3162,240,209,95,2419,Lodgepole_Pine
28247,2646,55,20,361,66,792,228,193,90,2881,Ponderosa_Pine
95549,2981,342,12,85,18,3662,194,221,165,2439,Lodgepole_Pine
109002,3110,272,17,162,49,2401,172,243,209,792,Lodgepole_Pine
25942,3035,30,24,443,61,2502,204,180,101,2681,Lodgepole_Pine
22682,2906,235,17,240,60,5144,189,253,198,601,Lodgepole_Pine
63917,3374,98,13,210,32,2630,241,222,109,2430,Krummholz
21797,3453,84,7,750,104,3474,231,227,129,1377,Ponderosa_Pine
7073,2757,63,13,516,73,437,231,213,112,1131,Lodgepole_Pine
15450,3033,284,6,437,-35,1840,204,240,176,2163,Lodgepole_Pine
40669,3004,231,7,595,95,5911,210,246,174,3279,Lodgepole_Pine
47977,2162,343,22,234,22,551,170,200,165,693,Ponderosa_Pine
23198,2453,59,6,511,80,713,224,228,139,1194,Douglas_fir
28384,3112,37,5,319,21,5307,220,229,145,1315,Spruce_Fir
28459,2976,74,22,270,-42,457,240,193,73,1558,Lodgepole_Pine
40497,3149,40,31,42,2,2854,206,158,68,4044,Spruce_Fir
10139,2717,38,3,170,19,2331,219,233,150,5070,Lodgepole_Pine
54865,2939,351,16,1008,105,2486,190,212,158,960,Lodgepole_Pine
4337,3075,329,8,470,286,2675,200,230,169,1554,Lodgepole_Pine
39367,3181,136,23,42,0,4331,248,223,89,2105,Spruce_Fir
78685,3089,332,16,85,8,420,182,218,175,810,Spruce_Fir
56355,2965,108,6,60,7,5200,231,233,136,2496,Spruce_Fir
30390,3314,355,17,532,101,1075,190,208,154,541,Spruce_Fir
38477,3022,262,12,589,-46,1822,190,246,195,2301,Lodgepole_Pine
21849,2988,31,4,335,49,6091,219,230,148,3945,Spruce_Fir
101201,3215,306,8,90,4,1187,197,235,178,2612,Spruce_Fir
39561,2543,330,30,309,140,693,135,189,185,1172,Lodgepole_Pine
13762,2902,213,20,42,14,1917,198,254,185,1263,Lodgepole_Pine
9732,2669,48,13,60,4,1723,224,211,118,1176,Lodgepole_Pine
88284,2985,106,21,162,59,1533,250,210,78,1527,Lodgepole_Pine
48782,2093,240,16,297,85,404,188,252,199,301,Ponderosa_Pine
71254,2905,328,9,242,48,2981,199,230,171,1921,Spruce_Fir
627,3013,62,17,190,44,5233,232,202,97,738,Lodgepole_Pine
89580,3037,185,19,824,94,3064,220,250,155,2093,Lodgepole_Pine
76307,2011,41,17,150,32,330,219,199,109,424,Ponderosa_Pine
23977,3073,135,21,150,19,3805,247,226,97,5169,Spruce_Fir
15788,2607,121,18,42,10,1657,248,223,96,1218,Lodgepole_Pine
85655,3186,185,13,390,32,1159,222,249,157,2112,Spruce_Fir
25296,3039,167,16,854,148,3034,231,244,139,1790,Lodgepole_Pine
39696,2472,4,19,60,21,600,191,199,142,1276,Douglas_fir
62266,2968,199,12,295,52,5387,215,250,168,3370,Lodgepole_Pine
57279,3112,90,9,85,6,3682,233,227,125,153,Spruce_Fir
95922,3185,63,15,390,43,2980,232,208,105,4331,Spruce_Fir
16927,3145,295,15,335,69,3048,175,234,199,1266,Spruce_Fir
87698,2869,7,23,192,25,1167,186,189,134,1682,Lodgepole_Pine
91060,3440,72,15,757,77,911,236,210,102,400,Krummholz
19822,2604,15,18,247,31,1140,202,201,132,2551,Lodgepole_Pine
52846,2987,247,5,579,-47,1546,209,244,173,1691,Lodgepole_Pine
36340,3250,16,14,60,6,1974,208,211,138,1857,Lodgepole_Pine
14490,2798,354,9,255,85,3101,206,225,158,6296,Spruce_Fir
32663,3020,98,2,30,0,4332,222,236,151,968,Lodgepole_Pine
20905,2755,90,30,150,58,1082,249,178,35,1195,Lodgepole_Pine
94240,2923,314,19,175,53,1892,166,222,194,1090,Lodgepole_Pine
66871,3418,72,9,210,9,1697,231,223,125,3483,Spruce_Fir
100111,2884,78,15,566,134,1530,238,211,100,830,Lodgepole_Pine
52718,2294,0,36,120,68,1018,146,150,124,845,Ponderosa_Pine
86590,3026,248,27,190,110,2839,154,248,224,2218,Lodgepole_Pine
44511,2823,82,22,180,101,1959,244,195,70,600,Aspen
60980,2572,314,23,124,50,1018,153,215,199,524,Douglas_fir
297,3011,137,9,234,34,4672,235,237,133,67,Lodgepole_Pine
21637,2888,356,24,134,45,1632,173,189,147,2591,Lodgepole_Pine
102063,3280,268,8,42,4,1641,199,243,184,1410,Spruce_Fir
25300,2829,90,30,270,132,1003,249,177,34,1082,Lodgepole_Pine
90553,3203,51,6,255,0,1642,223,227,139,1471,Spruce_Fir
4167,3403,38,6,618,124,2018,220,227,143,1681,Spruce_Fir
49267,2678,35,14,324,83,1316,218,209,124,2118,Lodgepole_Pine
73413,3464,58,29,134,27,3355,226,166,0,2671,Krummholz
36192,2569,84,5,459,20,1259,227,231,139,1471,Aspen
80277,3001,330,10,272,24,1315,196,228,171,1681,Lodgepole_Pine
28223,2955,260,17,484,59,5622,176,247,208,5444,Cottonwood_Willow
5630,2963,243,33,573,26,3720,137,244,230,1337,Lodgepole_Pine
47356,3191,144,9,127,8,3931,233,239,137,1950,Lodgepole_Pine
44739,2546,24,18,234,102,424,207,197,121,1082,Lodgepole_Pine
275,3408,317,32,210,83,3784,121,194,204,3703,Krummholz
31621,2517,321,26,228,98,636,146,205,194,1084,Lodgepole_Pine
19395,3440,284,34,210,65,3238,109,218,238,1777,Spruce_Fir
54382,2839,333,7,30,1,5085,203,230,166,323,Spruce_Fir
51050,2942,20,5,190,6,3520,217,229,150,6152,Lodgepole_Pine
42261,3025,16,16,418,166,1261,204,204,133,3500,Spruce_Fir
51488,2601,129,30,430,193,402,252,207,59,1364,Ponderosa_Pine
3520,3191,75,17,417,87,2877,239,205,91,1689,Spruce_Fir
51935,3100,72,7,108,7,7087,228,227,133,2509,Lodgepole_Pine
64651,2900,2,8,95,12,3960,209,225,154,3871,Lodgepole_Pine
48549,3014,53,14,95,23,150,227,208,111,1299,Lodgepole_Pine
61988,2748,330,28,192,79,2214,142,193,184,2451,Krummholz
74719,3188,175,11,60,8,5338,226,246,151,1128,Spruce_Fir
74593,3226,59,13,391,78,5880,230,211,112,2054,Lodgepole_Pine
59654,2622,74,16,433,49,726,237,207,95,2804,Lodgepole_Pine
34578,2278,113,28,313,-11,589,254,200,54,485,Ponderosa_Pine
78003,2654,345,7,0,0,1657,207,230,161,454,Spruce_Fir
6465,2290,34,28,108,20,573,202,166,83,837,Douglas_fir
16469,3103,43,11,95,0,3994,222,217,128,2836,Spruce_Fir
12086,2972,41,15,342,-5,6293,221,205,116,3063,Lodgepole_Pine
2010,2674,261,14,85,20,1015,184,247,201,1672,Lodgepole_Pine
9851,3235,347,18,297,39,4308,184,209,162,1116,Spruce_Fir
16578,3286,214,7,366,59,3891,214,247,169,2431,Spruce_Fir
41375,3144,330,14,433,107,2200,185,222,176,1025,Krummholz
3001,3168,274,18,192,33,1182,169,242,211,1431,Spruce_Fir
77645,2939,43,11,60,8,780,222,215,126,2193,Spruce_Fir
26483,2927,41,9,564,43,1403,221,220,133,1142,Lodgepole_Pine
48559,2468,264,17,384,81,840,175,246,209,258,Cottonwood_Willow
104123,2989,222,7,350,73,446,211,247,173,1501,Lodgepole_Pine
74405,3360,292,11,841,185,4501,188,238,189,2695,Spruce_Fir
16862,3126,93,23,335,151,2055,249,198,65,3811,Spruce_Fir
81403,3022,77,13,42,6,2030,236,216,110,3488,Spruce_Fir
35553,2826,39,15,67,4,2955,219,207,119,4458,Spruce_Fir
97401,2902,84,12,313,-25,573,237,219,111,1905,Lodgepole_Pine
105456,3217,227,8,30,3,5047,209,248,175,437,Spruce_Fir
17552,2706,37,5,577,-9,1129,220,229,146,1543,Lodgepole_Pine
13765,2798,179,23,402,17,1651,222,247,145,1437,Lodgepole_Pine
42148,2582,107,6,270,12,2831,231,232,134,2695,Spruce_Fir
71891,3208,137,16,240,21,2155,243,232,113,1679,Spruce_Fir
26533,3839,16,10,1045,63,4625,211,219,143,2687,Krummholz
69925,3200,265,9,560,83,799,198,244,185,750,Lodgepole_Pine
4809,2704,198,6,30,3,902,218,245,163,1764,Spruce_Fir
74215,2070,316,23,60,29,513,153,214,198,680,Douglas_fir
94349,3433,220,12,547,104,1230,205,252,181,3975,Lodgepole_Pine
40077,3182,14,6,618,59,1087,215,228,150,2289,Spruce_Fir
32045,2319,56,21,256,112,351,229,191,85,1507,Ponderosa_Pine
74444,3014,325,15,339,26,417,180,222,181,1398,Lodgepole_Pine
105841,3097,172,2,361,20,2506,220,239,156,2032,Spruce_Fir
195,2745,31,11,537,46,150,217,217,134,830,Aspen
71705,3124,39,12,330,55,4281,220,213,126,2106,Lodgepole_Pine
40833,3441,108,17,60,-7,1996,246,219,96,3161,Spruce_Fir
50617,2720,106,12,150,23,2058,240,226,114,382,Lodgepole_Pine
31443,2961,199,11,67,12,4127,216,250,167,2325,Lodgepole_Pine
19760,3228,56,12,182,15,5697,228,214,117,1142,Lodgepole_Pine
9317,3222,301,11,404,-3,5442,189,235,186,1790,Spruce_Fir
82217,3111,357,4,300,33,485,213,232,157,1535,Lodgepole_Pine
20675,2945,266,10,703,149,2454,194,245,189,1633,Lodgepole_Pine
2356,3078,271,26,484,167,5656,144,238,228,1208,Lodgepole_Pine
28648,3050,38,8,67,6,3937,220,223,138,3833,Spruce_Fir
25229,3083,195,8,108,10,5975,219,247,163,2532,Spruce_Fir
85507,2922,280,13,424,38,1365,184,241,196,1339,Lodgepole_Pine
80200,3085,347,9,570,84,2184,204,226,161,2551,Spruce_Fir
57960,2680,104,21,150,31,2272,250,209,78,2533,Ponderosa_Pine
93507,3272,23,29,541,91,1687,190,165,97,2252,Lodgepole_Pine
79923,2890,17,10,85,0,4767,212,219,144,1500,Lodgepole_Pine
28519,3370,173,13,664,164,1415,228,246,148,1832,Spruce_Fir
100617,3154,24,13,85,17,1698,213,211,133,234,Spruce_Fir
1342,2196,153,31,134,24,726,239,224,90,751,Ponderosa_Pine
81591,3099,180,23,947,132,3208,221,247,145,2117,Spruce_Fir
39200,3139,85,12,446,23,3644,237,220,112,3718,Spruce_Fir
30689,2419,130,11,330,29,1003,238,234,124,1018,Ponderosa_Pine
56476,2913,281,22,67,26,5126,153,235,219,1273,Lodgepole_Pine
82828,2754,306,33,342,106,953,111,200,219,1538,Lodgepole_Pine
22527,3012,342,13,966,214,2873,193,220,166,1071,Lodgepole_Pine
7787,2988,38,15,726,169,1291,218,205,118,2584,Lodgepole_Pine
23512,2736,76,40,134,39,1320,234,136,0,2233,Lodgepole_Pine
92561,3506,92,22,920,221,2524,248,199,68,1100,Spruce_Fir
110365,2113,55,30,134,69,309,223,161,50,365,Cottonwood_Willow
1452,3147,45,8,228,27,2958,223,223,135,882,Lodgepole_Pine
96864,3057,292,18,272,62,2542,165,233,207,1413,Lodgepole_Pine
72902,2177,303,29,335,283,362,127,211,218,210,Ponderosa_Pine
83787,3015,276,6,319,55,541,203,241,178,612,Lodgepole_Pine
28795,2978,337,23,216,1,4475,164,202,174,242,Lodgepole_Pine
9018,2928,113,7,658,162,2457,233,233,132,589,Spruce_Fir
5056,3091,115,17,150,15,3511,247,221,96,390,Spruce_Fir
107893,2907,147,8,633,258,872,231,239,140,424,Lodgepole_Pine
847,2463,328,27,390,202,516,146,198,186,579,Ponderosa_Pine
71934,2901,93,27,420,-73,443,250,188,48,1965,Aspen
22133,2355,334,22,295,49,1092,163,204,177,1320,Douglas_fir
12213,2038,84,18,379,77,466,243,206,87,95,Ponderosa_Pine
105858,3066,23,6,30,0,2297,216,227,147,2224,Spruce_Fir
10285,3010,128,38,382,162,2208,250,187,27,1710,Lodgepole_Pine
12888,3422,294,21,1114,297,4094,156,229,211,2588,Krummholz
75257,3391,284,8,993,185,1136,198,240,181,2048,Spruce_Fir
54702,3061,336,11,175,34,379,194,225,169,760,Spruce_Fir
38949,1993,291,41,127,96,150,78,197,240,300,Spruce_Fir
22994,2963,350,18,765,165,3042,186,208,158,878,Lodgepole_Pine
105093,2896,309,9,60,14,3229,194,234,180,1624,Spruce_Fir
21994,3225,351,11,95,6,2288,201,222,159,2568,Spruce_Fir
57202,2721,132,7,150,38,2483,232,237,137,4881,Lodgepole_Pine
40513,3210,245,18,430,99,5855,181,251,206,3004,Lodgepole_Pine
49748,2991,90,4,570,65,5236,226,233,143,6252,Lodgepole_Pine
59944,3211,203,13,192,28,2389,213,251,171,691,Spruce_Fir
72763,2677,53,20,418,-50,1338,227,193,91,3986,Lodgepole_Pine
33982,2978,267,24,277,69,5188,150,241,226,1365,Lodgepole_Pine
83696,2517,129,27,540,109,510,252,213,70,1240,Ponderosa_Pine
45821,2596,272,16,390,69,2436,177,243,205,503,Ponderosa_Pine
27723,3145,155,17,190,67,124,237,239,126,2864,Spruce_Fir
30572,3147,246,19,162,37,1565,177,251,209,2297,Spruce_Fir
1387,3211,251,22,743,-21,3577,165,249,218,2105,Spruce_Fir
22834,3040,14,9,228,0,3187,212,222,147,1019,Spruce_Fir
13312,3334,42,14,175,30,2156,222,209,119,1786,Spruce_Fir
16888,3116,62,19,0,0,5213,232,197,90,1276,Spruce_Fir
85078,2920,123,27,85,32,2682,253,209,66,1839,Spruce_Fir
34126,2678,66,8,467,86,680,228,225,131,366,Ponderosa_Pine
84573,3358,298,22,993,236,3966,155,227,210,2431,Lodgepole_Pine
61491,2928,316,19,240,74,5239,165,220,193,658,Lodgepole_Pine
14410,2889,80,13,270,79,270,237,217,109,1263,Spruce_Fir
48767,3405,174,9,1018,166,3034,226,245,152,1595,Krummholz
6053,3201,36,16,384,135,1052,217,203,117,573,Spruce_Fir
71138,2709,54,18,330,-38,1409,227,200,100,1723,Lodgepole_Pine
22646,3461,310,19,234,14,1434,166,224,197,1820,Krummholz
69412,2989,302,21,90,22,1423,157,226,207,2051,Lodgepole_Pine
3283,3204,12,14,67,13,3610,205,210,140,3319,Krummholz
33657,2932,86,38,124,-32,1189,243,149,0,1595,Spruce_Fir
71319,2893,174,26,162,46,4023,225,243,134,1426,Lodgepole_Pine
25873,2736,64,14,390,6,2603,232,211,108,2213,Lodgepole_Pine
72076,3070,315,15,424,66,1236,180,227,187,2343,Spruce_Fir
78134,3171,242,15,330,61,1343,190,251,197,2529,Spruce_Fir
73788,2535,112,8,162,28,570,235,231,128,247,Lodgepole_Pine
92524,3280,270,3,408,37,5016,212,240,166,895,Lodgepole_Pine
62307,3332,92,21,558,166,1648,247,202,73,1650,Krummholz
94547,3014,198,5,808,95,5919,218,244,162,3415,Lodgepole_Pine
17441,2514,355,6,330,-4,150,211,230,157,2435,Lodgepole_Pine
104640,2873,181,25,120,25,469,220,246,144,1126,Aspen
42356,2953,253,29,300,140,1503,144,244,230,379,Lodgepole_Pine
100888,2223,290,19,323,156,531,165,234,208,228,Ponderosa_Pine
57547,2622,51,16,255,58,1209,226,204,107,1293,Lodgepole_Pine
19514,3081,261,3,335,37,3211,212,241,166,1358,Lodgepole_Pine
70085,3406,191,10,484,13,3238,220,248,161,85,Spruce_Fir
16909,3084,248,15,67,10,1401,187,250,200,2463,Spruce_Fir
109579,2754,162,34,120,71,1449,230,225,96,1648,Lodgepole_Pine
77663,2854,15,24,268,72,1621,192,183,120,1718,Lodgepole_Pine
11704,2795,331,15,150,56,3300,184,221,176,6002,Lodgepole_Pine
12968,3196,80,11,30,-6,408,234,221,118,2040,Spruce_Fir
7268,3148,118,17,339,84,4185,246,223,100,700,Lodgepole_Pine
18179,3053,79,28,342,76,510,243,176,44,1358,Lodgepole_Pine
15438,3179,228,24,799,88,4154,176,253,205,1012,Lodgepole_Pine
93093,3341,151,8,691,12,806,231,240,141,4512,Spruce_Fir
58416,3247,163,13,30,2,1127,232,243,139,1165,Spruce_Fir
96515,3252,17,13,616,91,2684,208,211,138,3449,Spruce_Fir
18044,2984,260,11,503,101,1477,195,246,190,1415,Lodgepole_Pine
75727,3160,257,9,30,-4,2945,200,246,185,1019,Spruce_Fir
60099,2438,355,18,42,10,659,189,206,153,1207,Douglas_fir
65719,3211,45,16,594,56,4549,223,204,111,2456,Spruce_Fir
46108,2387,275,25,180,58,190,144,236,227,598,Ponderosa_Pine
85140,3215,322,19,124,20,2917,168,217,187,2452,Spruce_Fir
42001,3166,72,18,127,-18,1865,237,202,89,1616,Spruce_Fir
14673,2897,164,3,323,99,1154,223,240,153,2831,Lodgepole_Pine
26329,3204,115,5,60,-2,2372,229,235,140,1065,Spruce_Fir
50296,2992,143,7,272,52,1871,231,239,140,787,Lodgepole_Pine
107266,2838,346,14,67,15,2449,193,218,163,741,Lodgepole_Pine
5294,2847,23,12,210,28,1727,212,214,136,2671,Lodgepole_Pine
36159,3158,10,7,350,-27,1608,213,227,151,960,Lodgepole_Pine
63294,2496,37,5,67,13,1006,220,229,145,4403,Lodgepole_Pine
6163,3198,26,9,534,66,3098,216,220,140,3662,Spruce_Fir
10711,3099,23,13,451,-75,1434,212,213,135,1130,Spruce_Fir
18911,2967,348,26,283,77,1865,162,187,157,1533,Krummholz
67169,2379,19,24,212,109,774,194,181,114,870,Douglas_fir
68495,2375,13,15,170,64,993,204,208,139,782,Douglas_fir
92743,3317,137,9,60,-4,1719,235,237,133,3210,Krummholz
83292,3339,103,16,384,48,1878,245,219,99,3013,Spruce_Fir
43677,3464,8,13,424,116,4075,204,213,145,3312,Krummholz
94964,2860,201,25,90,17,2594,201,252,174,1500,Lodgepole_Pine
95115,2579,174,16,295,32,2093,228,246,146,1854,Ponderosa_Pine
92960,3017,311,14,335,57,573,180,229,188,571,Lodgepole_Pine
31904,3250,51,3,458,155,5109,221,232,147,1861,Spruce_Fir
2387,2922,139,9,124,21,3419,235,237,133,1693,Lodgepole_Pine
42993,3241,33,8,741,206,2791,219,222,139,3260,Spruce_Fir
9077,2865,170,11,218,32,3772,228,245,148,3409,Lodgepole_Pine
84639,3204,102,18,283,41,807,247,213,87,2780,Lodgepole_Pine
48015,3068,24,5,42,1,3477,217,230,149,2284,Spruce_Fir
56694,3278,164,40,201,121,1418,221,216,86,726,Krummholz
6358,3274,74,18,543,-11,4149,239,202,88,2574,Spruce_Fir
32844,3270,54,6,285,65,3004,224,226,137,4009,Spruce_Fir
53077,3310,8,13,408,90,2864,204,213,145,2301,Spruce_Fir
63859,3156,209,23,379,121,3220,195,254,184,1072,Spruce_Fir
76191,3351,201,24,446,145,807,201,252,174,859,Spruce_Fir
15822,3249,12,13,210,34,5528,206,212,142,594,Spruce_Fir
11064,2613,208,30,30,-7,582,185,251,184,836,Lodgepole_Pine
3947,3150,218,11,295,3,2656,208,251,178,663,Lodgepole_Pine
51523,3153,90,11,361,82,391,237,222,114,799,Lodgepole_Pine
74773,3396,261,5,458,104,2601,209,242,172,1201,Spruce_Fir
106103,3268,13,8,255,57,1399,212,223,148,433,Spruce_Fir
31703,3068,38,14,626,9,722,219,209,122,1026,Lodgepole_Pine
15901,3105,87,20,255,44,1642,245,202,78,2672,Lodgepole_Pine
1403,2700,9,18,306,102,1575,196,200,137,2629,Lodgepole_Pine
3989,3189,74,6,270,16,5465,228,228,135,2742,Lodgepole_Pine
66055,2952,5,17,124,-12,4660,196,205,144,2345,Lodgepole_Pine
29617,2995,201,16,400,99,5292,212,252,171,1189,Lodgepole_Pine
63630,3391,205,15,524,90,2873,210,253,174,1371,Spruce_Fir
60073,2974,195,13,513,-24,5130,217,251,165,2880,Lodgepole_Pine
1307,2952,276,18,190,-22,1168,168,241,211,808,Lodgepole_Pine
14906,3408,128,11,437,123,2040,239,233,123,1579,Spruce_Fir
98852,2871,74,27,124,57,127,240,177,49,962,Lodgepole_Pine
1865,3549,103,35,469,152,2480,252,171,15,3664,Krummholz
32847,3506,115,24,792,221,2236,252,209,70,1489,Spruce_Fir
26552,3029,31,26,60,7,5009,203,172,92,2890,Spruce_Fir
97761,3002,96,13,255,35,4039,241,220,107,2554,Lodgepole_Pine
1222,2221,20,36,255,146,750,172,142,84,361,Ponderosa_Pine
30042,2969,29,26,454,181,4362,201,175,98,785,Lodgepole_Pine
67491,3268,318,7,371,33,4189,202,234,171,1084,Spruce_Fir
11005,3217,146,31,524,60,964,244,218,78,1250,Lodgepole_Pine
54611,3209,167,4,30,0,5815,223,241,153,942,Spruce_Fir
6754,3267,27,14,42,3,3346,213,209,129,2821,Aspen
38076,3458,98,23,541,24,2474,250,201,66,2250,Spruce_Fir
107667,2866,217,14,484,229,1026,205,252,181,1871,Lodgepole_Pine
99011,3187,132,6,1149,111,3017,230,237,140,2284,Lodgepole_Pine
32414,2931,335,18,300,78,1765,176,213,175,2639,Lodgepole_Pine
810,2996,281,10,60,15,2315,192,241,189,1236,Lodgepole_Pine
46168,2757,296,21,319,127,1116,158,229,209,1012,Lodgepole_Pine
32492,3176,135,11,631,103,2750,237,235,127,3037,Lodgepole_Pine
30997,3166,355,21,417,25,2250,181,198,151,1318,Lodgepole_Pine
99161,3275,0,9,335,64,3505,208,224,154,2649,Spruce_Fir
58279,3246,342,17,108,34,2868,182,212,167,2604,Spruce_Fir
52253,2626,317,26,330,183,834,143,207,200,1209,Lodgepole_Pine
100879,3178,222,19,134,30,2912,193,254,192,331,Lodgepole_Pine
17650,3139,228,26,330,127,2247,173,253,207,1739,Spruce_Fir
30285,2808,308,27,424,160,1024,138,213,210,1503,Lodgepole_Pine
57141,3153,139,27,190,51,3925,248,220,81,2988,Spruce_Fir
71897,2936,152,10,451,23,3732,233,240,137,4214,Lodgepole_Pine
5852,2882,279,27,216,60,2651,137,232,229,726,Lodgepole_Pine
34494,2502,93,27,283,86,874,250,187,47,607,Ponderosa_Pine
57125,3315,341,20,765,187,1181,175,206,168,2320,Lodgepole_Pine
19298,2767,27,12,300,73,1323,215,214,134,914,Lodgepole_Pine
24349,2641,129,20,120,7,2290,248,224,95,2440,Cottonwood_Willow
101226,2911,355,14,330,27,1761,197,215,155,2898,Lodgepole_Pine
41097,2613,346,16,175,51,1077,188,213,163,702,Lodgepole_Pine
40260,2923,61,20,404,13,2468,232,194,86,2460,Lodgepole_Pine
33869,3080,12,14,571,11,3661,205,210,140,4578,Lodgepole_Pine
108254,2902,167,6,384,56,3162,225,242,151,2389,Lodgepole_Pine
50324,2728,63,9,150,10,2802,228,222,127,811,Lodgepole_Pine
32432,2710,184,15,60,10,2227,223,249,156,655,Lodgepole_Pine
38062,2765,274,4,30,2,1765,210,240,169,1566,Spruce_Fir
16655,2780,80,11,474,-3,1739,234,221,118,947,Lodgepole_Pine
104704,3261,107,7,30,0,3596,233,232,131,3664,Krummholz
81554,3034,145,24,306,53,1831,245,228,98,1401,Spruce_Fir
107171,2957,134,28,242,63,934,251,214,70,2873,Lodgepole_Pine
10572,2919,96,21,552,0,457,248,204,74,591,Spruce_Fir
31388,3051,29,13,242,63,2227,215,210,129,2738,Spruce_Fir
64312,2864,315,15,108,18,2808,180,227,187,2278,Lodgepole_Pine
61201,2951,266,20,713,305,1385,166,244,215,2048,Lodgepole_Pine
48940,3217,203,27,390,2,1860,195,252,176,3584,Aspen
68419,2740,249,13,134,25,1826,191,249,195,886,Lodgepole_Pine
2119,3303,28,14,390,100,5035,214,210,129,242,Spruce_Fir
1481,3341,82,21,379,51,3495,243,198,75,1671,Krummholz
70,2869,82,34,182,-30,330,243,161,19,2197,Aspen
66031,3200,56,14,134,6,2118,228,208,110,4387,Spruce_Fir
11928,3208,86,14,120,2,4280,240,216,103,1849,Spruce_Fir
108902,3254,168,12,134,14,3397,230,245,145,1361,Lodgepole_Pine
37429,3039,248,17,534,74,1376,182,250,204,430,Lodgepole_Pine
109581,3096,336,9,150,27,3311,201,229,167,5152,Lodgepole_Pine
55797,2975,330,9,459,20,3568,199,229,170,5587,Lodgepole_Pine
47838,3037,108,4,390,-2,3211,226,235,144,1031,Lodgepole_Pine
25059,2651,160,14,90,23,3349,233,242,136,2471,Lodgepole_Pine
54390,3087,136,39,564,-87,959,246,192,35,1084,Lodgepole_Pine
17033,2863,317,28,150,26,153,135,203,202,1601,Aspen
66062,2767,115,15,134,50,1301,244,225,106,1518,Lodgepole_Pine
43007,3017,15,7,42,3,2950,214,225,148,1477,Lodgepole_Pine
21912,3053,250,9,67,9,3066,201,247,184,1415,Ponderosa_Pine
486,3117,170,15,306,65,247,230,245,143,577,Lodgepole_Pine
39852,2622,108,10,323,61,360,238,228,120,1215,Lodgepole_Pine
100424,2674,87,24,210,27,1406,247,193,62,5538,Lodgepole_Pine
31215,3199,20,13,437,81,2883,210,211,135,940,Spruce_Fir
4031,3420,341,12,757,137,2313,194,222,166,1379,Spruce_Fir
41837,3082,265,16,218,47,2842,178,246,205,1507,Aspen
60738,2972,73,11,127,23,4427,233,218,115,3864,Lodgepole_Pine
42736,2903,131,21,108,23,5389,248,224,93,4140,Lodgepole_Pine
63846,3403,43,21,30,0,3350,219,188,95,2452,Krummholz
14139,2771,117,14,90,-2,480,243,226,109,301,Aspen
57626,3290,283,21,882,190,3783,158,236,216,2268,Spruce_Fir
44733,2666,105,26,30,0,1315,253,198,56,859,Douglas_fir
47492,3092,253,22,497,87,6072,165,248,217,1637,Lodgepole_Pine
33105,2987,23,16,30,8,319,208,203,128,1638,Lodgepole_Pine
7013,3005,18,23,124,29,1974,196,186,119,3893,Spruce_Fir
47695,2998,33,19,874,129,2460,213,196,112,1290,Lodgepole_Pine
26678,3180,43,21,782,-43,886,219,188,95,1818,Lodgepole_Pine
89491,2985,219,10,663,89,5949,208,250,177,6321,Lodgepole_Pine
48778,2914,45,17,190,59,1405,222,201,108,752,Lodgepole_Pine
36407,2976,250,9,258,43,330,201,247,184,1383,Lodgepole_Pine
30642,2629,149,11,30,4,1201,235,239,134,6357,Lodgepole_Pine
78850,2710,356,6,218,23,1754,210,229,157,3655,Lodgepole_Pine
21352,2543,336,40,350,157,671,103,153,170,1224,Lodgepole_Pine
107690,2887,135,28,67,28,5503,250,215,72,807,Lodgepole_Pine
48868,3225,248,3,277,4,5924,214,241,165,1706,Spruce_Fir
24296,2398,2,23,339,146,1146,183,191,140,1082,Ponderosa_Pine
2477,3318,323,5,853,55,870,208,235,166,1019,Spruce_Fir
9598,2942,196,17,153,63,1819,214,252,167,1120,Lodgepole_Pine
92829,2880,314,28,242,111,430,136,206,204,1064,Spruce_Fir
32013,3068,173,13,277,41,1650,228,246,148,541,Lodgepole_Pine
12089,2921,230,22,60,34,2652,180,254,204,1353,Lodgepole_Pine
110362,2323,345,26,300,123,1136,160,190,162,870,Douglas_fir
104196,3140,307,16,420,98,3148,173,229,195,1350,Spruce_Fir
58500,3218,118,5,390,57,1050,228,236,142,1974,Spruce_Fir
22547,2901,60,26,212,98,218,229,175,63,1490,Spruce_Fir
34880,2939,355,17,30,7,5794,190,208,154,4000,Lodgepole_Pine
48185,3296,61,21,192,93,4817,232,191,82,162,Spruce_Fir
85263,2600,212,32,272,144,1092,175,249,191,1131,Ponderosa_Pine
61897,3198,111,15,339,79,698,245,222,102,730,Spruce_Fir
36641,3088,341,37,342,107,234,119,159,163,1316,Spruce_Fir
28126,2710,270,37,150,66,1575,102,224,246,1233,Lodgepole_Pine
1715,2405,77,12,283,68,301,235,217,112,484,Ponderosa_Pine
45246,2581,350,22,108,50,1436,176,198,157,579,Ponderosa_Pine
37147,2257,315,26,95,48,916,141,208,202,228,Ponderosa_Pine
104890,3004,175,6,190,6,5421,223,243,154,1899,Spruce_Fir
21789,3351,67,7,684,155,551,228,226,132,339,Ponderosa_Pine
87687,3155,340,13,30,4,1290,192,221,167,2402,Lodgepole_Pine
10983,2831,223,24,300,74,1507,182,254,200,1415,Lodgepole_Pine
78945,2635,194,25,67,31,2022,208,250,163,1503,Lodgepole_Pine
3194,3382,0,0,750,154,2160,218,238,156,1209,Spruce_Fir
68571,3287,120,36,309,78,3154,253,184,25,3007,Spruce_Fir
33494,3422,76,10,256,105,4075,233,220,118,779,Spruce_Fir
109994,2625,160,13,335,97,830,233,242,137,1276,Ponderosa_Pine
57592,3309,139,17,268,85,2948,243,232,112,3140,Krummholz
98602,3079,97,23,492,143,1374,250,201,68,2324,Krummholz
87753,2701,20,21,484,-48,3000,201,191,120,2568,Spruce_Fir
36271,2997,85,16,150,25,967,241,211,96,2646,Spruce_Fir
83248,2182,15,46,150,42,618,135,103,68,524,Ponderosa_Pine
72169,2847,171,14,124,13,4598,229,246,145,4713,Lodgepole_Pine
8289,2583,99,20,30,0,1739,249,207,78,765,Lodgepole_Pine
54631,3126,74,4,216,11,2590,225,231,142,1006,Lodgepole_Pine
20789,3060,30,17,408,39,3955,213,202,120,4307,Spruce_Fir
52138,2811,107,14,95,14,685,243,222,105,631,Lodgepole_Pine
1929,3102,339,6,677,17,1022,207,232,163,1115,Lodgepole_Pine
16539,2697,116,6,330,-7,992,231,234,137,1756,Lodgepole_Pine
48189,2789,39,15,636,100,391,219,206,118,1077,Lodgepole_Pine
32012,3003,142,19,258,98,1410,244,232,108,1829,Lodgepole_Pine
45434,3126,162,14,90,9,607,233,243,137,1736,Lodgepole_Pine
11713,3191,143,7,510,19,4518,231,239,140,1771,Spruce_Fir
55755,2897,25,17,525,120,1395,209,201,124,2707,Lodgepole_Pine
64668,3228,111,27,384,182,3630,254,199,54,2193,Spruce_Fir
94707,3330,90,10,547,48,2166,236,224,118,2268,Spruce_Fir
37378,2746,189,12,30,8,1797,220,249,160,824,Lodgepole_Pine
72790,2801,315,18,108,39,3631,170,223,192,5670,Lodgepole_Pine
62280,2965,278,16,258,42,4731,173,241,206,2021,Lodgepole_Pine
93591,3182,196,16,67,7,3010,215,252,167,5139,Spruce_Fir
34259,3243,107,9,524,129,4970,235,230,126,2647,Spruce_Fir
69902,3365,236,13,295,110,3489,198,251,189,600,Spruce_Fir
65255,2962,149,11,216,25,3691,235,239,134,2165,Lodgepole_Pine
75064,2555,316,35,150,55,1860,107,186,206,882,Douglas_fir
104412,2634,99,10,60,3,976,236,227,121,1652,Lodgepole_Pine
7694,2724,108,12,330,93,1604,240,226,115,1677,Lodgepole_Pine
89209,2100,71,28,108,56,295,238,173,47,371,Cottonwood_Willow
80410,3152,101,9,218,36,2342,235,228,124,3020,Douglas_fir
50275,3155,351,13,492,128,4628,196,217,159,1994,Spruce_Fir
86902,3410,214,11,638,178,3362,210,250,175,516,Spruce_Fir
72476,3061,101,5,525,-9,1597,228,233,139,1308,Spruce_Fir
35758,2747,86,21,127,49,1262,245,201,76,2190,Lodgepole_Pine
34016,2214,127,31,162,101,1024,253,202,51,408,Cottonwood_Willow
23872,3065,143,16,395,-42,474,241,235,118,1674,Spruce_Fir
26532,3472,322,8,300,46,5180,200,232,171,4170,Krummholz
21329,3376,151,23,120,-5,2960,242,232,106,872,Krummholz
96575,2891,174,11,90,6,2359,227,246,150,2605,Lodgepole_Pine
104636,2735,273,8,30,3,1909,199,242,183,782,Aspen
89847,2871,291,6,30,11,750,203,239,175,600,Spruce_Fir
107404,2939,215,8,175,20,5219,213,248,171,3889,Lodgepole_Pine
87536,2550,222,32,255,130,1608,165,250,205,664,Ponderosa_Pine
54639,3522,43,19,853,288,2290,220,194,102,1570,Spruce_Fir
35733,2650,205,4,421,122,760,217,243,162,1189,Ponderosa_Pine
45049,3195,185,15,732,-23,872,221,249,157,2096,Lodgepole_Pine
36554,2097,253,30,95,69,342,140,243,232,638,Ponderosa_Pine
3944,2905,259,17,511,109,2310,177,247,207,1816,Lodgepole_Pine
49697,3183,141,19,120,45,636,244,232,109,2357,Lodgepole_Pine
32952,3275,261,10,618,50,626,195,246,189,1436,Spruce_Fir
4804,2916,86,14,342,134,1566,239,216,105,2155,Lodgepole_Pine
86672,3185,275,11,190,34,2746,189,243,193,711,Lodgepole_Pine
39935,2956,54,8,470,87,2245,225,222,130,2259,Spruce_Fir
2988,2978,136,27,417,233,1952,250,217,76,785,Aspen
108015,2778,114,16,175,82,3376,246,223,101,5945,Lodgepole_Pine
88626,3445,327,20,330,160,3648,166,212,184,1784,Spruce_Fir
25854,2428,22,9,0,0,564,215,221,143,1695,Ponderosa_Pine
87826,2261,16,27,42,24,1332,186,173,112,691,Ponderosa_Pine
109137,2588,157,14,42,12,1362,235,241,134,807,Lodgepole_Pine
24776,3199,306,23,319,129,4267,149,220,208,1087,Lodgepole_Pine
27078,3073,221,14,553,105,5923,202,253,184,1947,Lodgepole_Pine
57413,2667,68,5,342,55,912,225,230,139,1113,Krummholz
87179,3357,22,26,342,142,1991,193,174,106,2081,Spruce_Fir
13216,3018,61,7,150,20,6292,226,225,133,3144,Lodgepole_Pine
31549,2944,92,17,417,137,430,244,212,91,900,Lodgepole_Pine
88383,2883,97,17,85,16,4084,246,212,89,6173,Lodgepole_Pine
106530,3214,302,22,319,54,4023,152,223,209,2168,Spruce_Fir
6207,2847,324,8,30,0,2774,199,231,172,2310,Lodgepole_Pine
81716,3004,34,7,256,-5,4081,219,224,141,1003,Lodgepole_Pine
37451,3054,338,3,124,20,6789,214,235,160,3174,Lodgepole_Pine
49498,2822,124,21,418,121,1879,250,219,86,2096,Lodgepole_Pine
21169,2875,4,11,309,-8,1595,205,219,150,2928,Spruce_Fir
108304,3005,240,22,492,162,2851,173,252,211,553,Lodgepole_Pine
13307,3650,59,19,1082,395,2560,231,197,92,1231,Spruce_Fir
19233,3252,17,17,847,116,2271,204,203,132,2221,Krummholz
19505,3015,200,28,924,-75,4233,197,251,173,1310,Lodgepole_Pine
101437,3031,209,6,713,66,5655,216,246,166,6025,Lodgepole_Pine
106772,3182,319,16,240,43,2413,177,224,186,342,Spruce_Fir
59724,3009,177,13,1008,209,2694,226,247,151,1328,Lodgepole_Pine
58181,2947,47,17,180,-3,361,224,201,107,1034,Spruce_Fir
33291,2791,105,5,300,48,2978,228,234,140,6580,Lodgepole_Pine
24662,3002,314,13,547,99,5534,185,230,185,1302,Lodgepole_Pine
2471,2724,357,29,67,18,1666,162,173,139,3261,Cottonwood_Willow
8435,3151,0,12,301,97,3611,202,217,152,1621,Spruce_Fir
93531,3126,94,18,424,108,4128,246,210,87,2597,Lodgepole_Pine
94949,2502,358,56,283,93,513,73,75,91,1478,Lodgepole_Pine
65781,2607,107,20,648,7,700,250,212,81,1239,Ponderosa_Pine
33178,2736,68,23,361,120,1507,236,188,71,847,Lodgepole_Pine
34161,3221,95,3,365,19,2504,224,235,147,1426,Spruce_Fir
7796,3469,355,34,283,35,2724,145,158,136,2359,Spruce_Fir
49188,2952,187,12,458,46,5666,221,249,159,2610,Lodgepole_Pine
66962,2466,129,21,228,24,1998,249,222,91,60,Ponderosa_Pine
57808,2940,288,14,190,56,2925,180,238,198,2307,Lodgepole_Pine
5400,3141,40,4,547,60,1677,220,231,148,2886,Spruce_Fir
64846,3090,304,23,390,-13,1323,151,221,208,2979,Spruce_Fir
29043,3135,315,6,42,0,1434,203,235,171,1183,Spruce_Fir
15852,3233,294,11,95,9,4368,188,237,189,582,Spruce_Fir
105455,3076,83,4,300,39,1440,225,233,143,2780,Spruce_Fir
63129,3087,35,8,390,16,2455,219,223,139,1114,Spruce_Fir
30326,3198,45,11,474,66,3118,223,216,126,3603,Spruce_Fir
84211,3017,331,2,67,0,4227,213,236,160,953,Lodgepole_Pine
27872,2050,88,41,150,102,240,242,139,0,488,Ponderosa_Pine
66796,2976,344,17,95,16,1422,183,211,164,2190,Spruce_Fir
53000,2792,308,22,85,31,3896,154,220,204,955,Lodgepole_Pine
99366,2562,50,16,513,36,957,225,204,108,3800,Lodgepole_Pine
49333,2718,318,15,228,26,1767,180,226,185,1461,Douglas_fir
15019,3386,49,32,691,171,2337,214,155,52,1976,Spruce_Fir
21937,3141,183,22,201,50,3629,220,248,150,765,Lodgepole_Pine
100402,3180,248,8,120,13,1082,204,246,180,153,Spruce_Fir
47398,2927,322,13,234,26,3038,186,226,180,1645,Spruce_Fir
3500,2976,66,25,342,181,351,235,180,62,1296,Lodgepole_Pine
74040,3295,5,13,283,56,3421,203,214,148,2486,Douglas_fir
56888,2527,18,9,404,158,914,213,220,144,1385,Ponderosa_Pine
62571,2816,274,14,400,84,247,182,243,200,1947,Ponderosa_Pine
66135,3209,342,12,190,31,1022,195,222,166,685,Ponderosa_Pine
100648,3031,242,15,175,32,1777,191,251,196,1484,Spruce_Fir
25529,3073,225,6,366,69,5773,211,246,172,4334,Lodgepole_Pine
1455,3125,43,10,268,25,2388,222,218,130,1544,Spruce_Fir
47725,2612,358,21,90,13,1706,183,197,148,2816,Douglas_fir
79278,2777,80,20,30,12,1731,242,199,77,1579,Spruce_Fir
47771,3190,297,4,134,4,1348,208,238,169,626,Spruce_Fir
20460,3274,45,9,324,61,1134,223,220,132,1841,Spruce_Fir
8783,3036,336,13,95,13,60,191,222,170,1148,Lodgepole_Pine
1536,2557,105,13,42,1,661,242,223,108,2114,Lodgepole_Pine
59746,3388,198,6,30,-1,2791,218,245,163,534,Ponderosa_Pine
94606,2962,103,10,150,13,4317,237,227,120,1961,Lodgepole_Pine
21484,2917,115,14,150,36,1680,243,226,109,2037,Lodgepole_Pine
21952,3298,196,25,342,118,2190,205,251,166,1226,Lodgepole_Pine
20838,3136,36,14,430,71,4955,218,208,123,2938,Spruce_Fir
11871,2968,62,8,234,43,4109,227,223,130,5208,Lodgepole_Pine
3055,3293,123,16,582,136,1130,246,226,103,1195,Krummholz
8150,3175,200,8,190,6,3260,217,247,165,1361,Lodgepole_Pine
38175,2924,242,33,824,162,4081,140,245,228,1410,Lodgepole_Pine
24722,2658,142,27,60,25,1572,247,221,84,2565,Lodgepole_Pine
4585,3425,149,18,90,18,4221,241,236,117,4205,Krummholz
22606,2964,235,10,182,20,67,203,249,183,1116,Cottonwood_Willow
27888,2765,24,6,285,98,2724,217,227,147,6645,Spruce_Fir
6910,3141,25,19,192,104,2325,207,195,118,1114,Spruce_Fir
65265,3164,279,14,90,19,2687,181,241,200,666,Spruce_Fir
65650,2772,98,38,134,100,1398,250,160,3,942,Aspen
17516,3105,173,11,175,-21,2347,227,245,149,1855,Lodgepole_Pine
99221,3008,221,17,663,108,5802,197,254,189,3977,Lodgepole_Pine
87840,2743,43,23,418,216,983,218,182,88,859,Lodgepole_Pine
102412,2629,53,16,192,19,845,227,204,106,721,Spruce_Fir
4728,2746,148,18,182,45,1695,241,236,117,2329,Lodgepole_Pine
54565,3339,97,15,418,4,997,244,216,98,3625,Spruce_Fir
2051,2942,228,6,60,6,5520,211,246,172,2066,Spruce_Fir
70431,3131,293,18,0,0,2296,167,233,206,3020,Krummholz
94272,3151,122,22,255,50,3515,251,216,80,306,Spruce_Fir
16710,3341,151,10,376,141,2894,233,240,138,595,Spruce_Fir
72310,2910,318,15,467,148,2654,181,226,185,1194,Lodgepole_Pine
31757,2855,175,11,911,77,2343,226,246,151,1560,Aspen
79342,2317,50,18,60,1,1019,225,198,100,875,Ponderosa_Pine
5494,2271,25,27,210,66,1018,195,170,98,190,Ponderosa_Pine
55295,3336,291,24,1018,248,3842,146,228,219,2385,Lodgepole_Pine
64200,2883,83,30,210,56,5562,245,175,38,4472,Lodgepole_Pine
18817,2983,45,25,242,2,876,218,177,81,2096,Spruce_Fir
18240,2851,335,9,30,1,1443,200,228,167,1341,Spruce_Fir
77853,3222,113,15,134,24,1601,245,223,104,2820,Spruce_Fir
38892,3249,288,14,180,31,4182,181,238,197,1847,Spruce_Fir
50982,2460,269,14,480,207,878,182,244,201,379,Douglas_fir
37610,2938,147,22,190,96,5334,244,231,104,516,Douglas_fir
55438,3165,230,4,366,128,2155,213,243,167,1024,Spruce_Fir
3918,3172,125,11,618,0,4471,239,232,121,1871,Spruce_Fir
24545,2560,90,7,331,36,866,231,229,130,437,Lodgepole_Pine
66654,2893,0,8,418,97,1142,209,226,155,2821,Spruce_Fir
35090,3038,61,22,342,71,808,232,188,77,721,Spruce_Fir
93878,2789,87,27,124,51,339,247,185,49,1296,Lodgepole_Pine
60066,2664,6,29,67,50,2370,170,170,125,6931,Spruce_Fir
104151,2812,107,6,485,24,895,230,233,137,1328,Spruce_Fir
38349,3083,130,4,390,49,5036,226,237,146,1722,Spruce_Fir
66529,3165,5,22,371,21,6024,187,192,137,1061,Spruce_Fir
713,2695,86,16,335,-32,1368,242,211,95,3948,Lodgepole_Pine
77373,3375,305,8,350,37,1537,198,236,177,793,Krummholz
95859,2873,290,13,134,-10,1521,184,238,194,1501,Lodgepole_Pine
48423,3214,36,4,509,35,5836,220,230,147,2718,Lodgepole_Pine
31486,3114,23,22,268,86,997,201,186,113,1412,Spruce_Fir
4830,2315,128,21,67,28,1273,249,222,91,900,Ponderosa_Pine
69410,2642,236,29,42,-1,1602,158,250,218,1259,Lodgepole_Pine
42983,2612,22,4,295,0,693,217,230,150,924,Lodgepole_Pine
17972,3192,185,17,283,-17,3289,221,250,156,765,Lodgepole_Pine
78544,2839,14,23,162,48,1917,191,185,123,1381,Spruce_Fir
49536,2020,58,21,270,59,379,230,190,83,150,Ponderosa_Pine
47656,3317,96,16,201,44,2368,244,215,95,1931,Spruce_Fir
108506,2810,38,14,30,10,2297,219,209,122,2876,Lodgepole_Pine
91660,2949,124,7,85,13,3677,232,235,136,6199,Lodgepole_Pine
77216,3189,351,17,201,24,1288,188,210,158,638,Krummholz
72460,2775,122,14,95,-3,2080,243,228,110,1050,Lodgepole_Pine
88031,2577,56,11,180,32,573,227,217,122,1082,Lodgepole_Pine
67201,3174,233,12,797,30,6090,200,251,186,1131,Lodgepole_Pine
8373,2459,41,11,30,7,474,222,216,129,797,Douglas_fir
108532,3231,58,6,492,83,5801,224,228,138,2423,Lodgepole_Pine
7421,2972,107,5,90,5,4673,229,234,139,1798,Lodgepole_Pine
52852,3101,198,3,67,1,924,218,242,160,1615,Spruce_Fir
9030,3123,43,23,424,32,4635,217,184,91,3333,Spruce_Fir
27135,2735,330,13,108,17,1584,189,224,174,1240,Aspen
56204,2578,145,29,60,9,1140,245,221,84,679,Lodgepole_Pine
5257,2896,45,8,295,33,4086,223,223,135,6390,Lodgepole_Pine
77422,3160,165,27,469,166,589,232,236,117,1624,Lodgepole_Pine
27818,3124,78,16,42,8,902,239,209,95,1429,Spruce_Fir
60965,2666,209,35,67,49,2282,172,246,185,641,Ponderosa_Pine
58912,2622,139,19,127,11,684,245,231,107,1909,Lodgepole_Pine
2679,3038,78,15,30,-5,2641,238,212,102,1342,Spruce_Fir
98546,3064,99,6,60,-4,3384,230,232,136,2402,Spruce_Fir
45468,2875,356,21,457,82,2581,181,197,150,1597,Aspen
70212,3210,220,7,42,11,1006,212,247,172,1199,Spruce_Fir
40786,3015,27,2,42,0,3001,218,234,153,2304,Spruce_Fir
22381,3189,242,16,726,99,390,187,251,200,2830,Lodgepole_Pine
24467,2596,23,38,258,130,832,171,132,72,1316,Lodgepole_Pine
44656,2899,188,16,270,61,892,220,250,159,2201,Aspen
48573,2913,300,21,212,73,3994,158,227,208,832,Lodgepole_Pine
90833,3260,4,10,743,71,3988,207,220,151,3635,Spruce_Fir
9635,2943,38,8,309,23,1357,220,222,137,484,Spruce_Fir
80812,2837,298,29,255,-22,2644,126,215,222,228,Spruce_Fir
64902,2747,78,34,134,82,134,240,157,19,1666,Aspen
6608,2447,349,18,190,91,582,184,207,160,716,Douglas_fir
33819,2651,41,28,283,158,902,210,168,76,1423,Lodgepole_Pine
4842,2960,111,19,42,12,480,248,217,89,1592,Lodgepole_Pine
66840,3034,324,8,42,3,2835,200,231,171,2760,Spruce_Fir
2735,3012,45,0,446,81,2833,218,237,156,1426,Lodgepole_Pine
22876,2959,237,10,361,40,5382,203,249,183,3926,Lodgepole_Pine
25584,2995,173,15,268,135,6312,228,246,146,4135,Lodgepole_Pine
9911,2830,267,23,150,48,2259,156,242,222,990,Lodgepole_Pine
80715,2782,35,17,95,9,1911,216,200,114,2866,Lodgepole_Pine
103031,3316,270,4,570,113,854,208,241,171,859,Spruce_Fir
105243,2879,299,26,60,32,1019,137,219,217,1840,Spruce_Fir
104194,3625,285,14,467,213,3120,181,239,198,1324,Spruce_Fir
104136,2927,218,14,272,41,1879,204,252,182,1771,Spruce_Fir
86453,2919,96,17,212,33,5548,245,214,93,4010,Lodgepole_Pine
2087,2978,113,18,342,111,5916,248,219,94,4248,Lodgepole_Pine
48881,3181,103,12,511,135,450,240,225,113,1860,Lodgepole_Pine
1829,3071,297,25,277,43,3457,144,223,216,1326,Spruce_Fir
6958,2815,92,17,60,10,2877,245,211,89,2131,Lodgepole_Pine
92078,3312,9,11,218,25,2023,207,217,146,1468,Spruce_Fir
69981,2955,120,25,234,112,5202,253,210,70,390,Lodgepole_Pine
13685,2742,342,21,90,36,2979,172,203,167,1871,Lodgepole_Pine
36692,2995,348,9,30,6,4376,203,225,161,1116,Spruce_Fir
36465,2802,79,12,268,53,1825,236,218,112,674,Lodgepole_Pine
106383,2976,346,15,42,10,837,191,216,163,2533,Spruce_Fir
32076,2888,54,8,534,77,1789,225,222,130,2932,Spruce_Fir
83945,2925,169,15,218,78,1693,230,245,142,2448,Lodgepole_Pine
50438,2777,62,26,60,-7,192,231,176,62,1392,Aspen
54423,2660,180,8,30,4,3449,223,245,156,2080,Lodgepole_Pine
87485,3316,132,27,408,83,1812,251,214,72,1692,Krummholz
67176,3079,24,34,256,93,2248,180,147,83,4169,Spruce_Fir
107836,3044,287,16,511,-76,1871,175,237,202,1850,Lodgepole_Pine
47324,2883,35,10,510,137,600,219,219,135,2318,Lodgepole_Pine
11539,2969,176,12,85,9,1579,226,246,150,492,Lodgepole_Pine
738,2995,338,5,371,47,4183,209,233,162,2077,Cottonwood_Willow
40681,3146,284,18,679,329,1353,168,237,208,1001,Spruce_Fir
38648,3025,50,4,285,71,4061,221,231,146,2442,Lodgepole_Pine
108540,2852,66,10,285,52,2547,230,219,121,3075,Lodgepole_Pine
105285,3074,335,4,402,22,3203,211,234,162,384,Spruce_Fir
89226,2631,150,5,382,103,626,227,240,147,1617,Ponderosa_Pine
55933,3228,264,16,757,77,3355,179,246,205,1047,Spruce_Fir
30377,2294,352,19,175,46,808,183,204,156,1060,Douglas_fir
60733,2764,315,15,408,107,1803,180,227,187,1986,Douglas_fir
1361,3021,37,17,792,126,1320,217,202,115,1964,Spruce_Fir
19748,3175,197,6,450,-31,553,218,246,163,2032,Lodgepole_Pine
107732,2972,275,14,755,326,1532,182,243,200,2039,Lodgepole_Pine
26918,3327,96,14,85,-11,4512,242,218,103,4067,Krummholz
35578,3122,60,20,417,76,212,231,194,87,1356,Lodgepole_Pine
109277,3277,31,18,450,149,1463,213,199,117,2102,Lodgepole_Pine
22756,2880,235,24,150,63,1433,170,252,212,469,Lodgepole_Pine
83405,3326,121,15,42,4,721,244,227,107,3909,Lodgepole_Pine
41550,3096,326,22,108,23,4460,162,210,186,1149,Spruce_Fir
5455,3306,268,24,134,45,3865,149,240,226,1233,Krummholz
53382,2286,113,14,256,128,1406,244,224,107,824,Cottonwood_Willow
66005,2724,48,26,85,13,2583,219,173,73,2245,Lodgepole_Pine
102192,2381,142,8,0,0,242,233,238,137,421,Douglas_fir
86169,3057,31,11,458,60,2912,217,217,134,743,Spruce_Fir
101240,3101,122,17,134,27,4422,247,224,99,967,Lodgepole_Pine
43018,2968,90,9,384,41,4743,235,225,121,2874,Spruce_Fir
106593,3220,33,13,42,8,1307,217,210,126,2490,Spruce_Fir
87801,2115,277,36,108,62,485,103,220,243,658,Ponderosa_Pine
58124,2882,154,14,30,3,3420,236,240,131,1967,Lodgepole_Pine
11745,2769,191,13,212,36,42,219,250,162,2134,Lodgepole_Pine
28891,3068,31,11,443,54,4937,217,217,134,1645,Spruce_Fir
197,3237,108,3,330,16,4417,225,236,146,2207,Spruce_Fir
76106,3014,120,21,150,32,6173,250,217,85,3494,Lodgepole_Pine
39456,2661,58,18,175,37,1884,230,200,97,1948,Spruce_Fir
81157,3238,53,10,408,25,6253,226,219,127,960,Spruce_Fir
84326,2921,321,20,134,10,2831,164,216,190,451,Spruce_Fir
51344,2754,188,20,390,88,3406,217,250,158,1714,Lodgepole_Pine
97134,3245,77,9,573,105,1243,232,224,125,1982,Spruce_Fir
27978,2972,337,12,351,36,4268,194,224,169,4941,Lodgepole_Pine
77994,2648,25,10,180,14,228,215,219,140,459,Lodgepole_Pine
60670,3289,294,9,300,97,1050,194,238,184,2298,Krummholz
1955,2878,84,26,497,160,2553,246,186,54,335,Lodgepole_Pine
10486,2664,106,15,120,23,1981,245,220,99,780,Lodgepole_Pine
40086,3021,122,4,595,56,5472,228,236,143,5653,Lodgepole_Pine
35034,2975,98,2,60,0,2676,222,236,151,1800,Spruce_Fir
29363,3453,285,13,711,171,984,184,240,195,1200,Lodgepole_Pine
80927,2926,336,19,319,105,339,174,210,174,1423,Lodgepole_Pine
83521,3251,22,11,524,175,853,213,217,139,787,Spruce_Fir
55627,3006,218,23,402,209,2737,189,254,193,1702,Spruce_Fir
95988,2641,79,21,391,97,1065,242,198,76,1471,Lodgepole_Pine
65618,3144,34,24,573,119,2017,208,179,96,1921,Spruce_Fir
29187,3037,148,15,42,13,3504,238,238,125,2754,Spruce_Fir
27917,3236,30,10,750,92,6417,217,218,136,1465,Spruce_Fir
77350,3229,63,13,395,-33,806,231,213,112,2915,Lodgepole_Pine
62846,2971,252,8,67,6,2067,204,245,180,1205,Spruce_Fir
98311,2925,319,10,134,18,5026,195,231,176,1719,Aspen
68612,2926,207,11,376,23,5791,213,250,171,5562,Lodgepole_Pine
102178,3065,16,14,511,187,2100,207,209,137,2538,Spruce_Fir
64506,2710,99,18,190,57,1982,247,211,86,947,Douglas_fir
15603,3225,162,3,242,22,4696,222,240,153,661,Lodgepole_Pine
4811,3360,315,8,256,32,1418,199,234,174,2060,Spruce_Fir
5135,3343,85,23,180,-5,2244,246,195,67,4544,Spruce_Fir
34246,3283,23,14,175,44,3512,211,209,131,2265,Spruce_Fir
18473,3065,262,11,85,27,1679,192,246,192,210,Spruce_Fir
83519,3115,60,8,319,19,5354,226,224,132,1318,Spruce_Fir
3685,2633,105,13,190,21,808,241,224,110,990,Lodgepole_Pine
12261,2953,6,9,258,40,3750,209,222,151,4389,Lodgepole_Pine
8097,3134,118,20,484,198,1549,249,218,88,2656,Spruce_Fir
20717,2932,60,17,150,39,5574,231,203,100,4043,Lodgepole_Pine
40034,3014,4,12,60,13,1100,204,216,149,2379,Spruce_Fir
9950,3364,281,5,351,25,1050,206,240,173,2230,Spruce_Fir
1380,2975,33,17,918,177,3043,214,199,116,969,Lodgepole_Pine
1412,3086,240,11,42,8,2742,198,250,188,469,Spruce_Fir
107656,2762,346,7,67,1,2155,207,229,161,2881,Lodgepole_Pine
16908,3049,225,12,277,39,3088,204,251,183,966,Spruce_Fir
92394,3190,273,5,376,33,4796,207,241,173,2401,Lodgepole_Pine
86286,2229,20,37,134,94,1008,170,139,83,713,Ponderosa_Pine
54281,3103,166,19,514,62,5671,232,243,134,1535,Lodgepole_Pine
100411,3057,69,15,182,23,3441,235,209,101,5700,Lodgepole_Pine
87972,2980,198,8,60,11,5019,218,247,164,658,Ponderosa_Pine
79939,3329,7,17,693,126,2154,197,204,141,752,Krummholz
39637,3268,77,13,663,-16,1385,236,216,110,2137,Spruce_Fir
18357,3508,99,19,888,223,2489,247,210,84,1129,Spruce_Fir
17353,2976,18,6,30,1,949,216,227,149,2208,Lodgepole_Pine
53121,2907,316,17,234,48,2820,174,224,189,2597,Lodgepole_Pine
20708,3437,352,15,828,201,994,192,212,157,931,Spruce_Fir
7761,3053,322,3,558,76,2839,212,236,162,1104,Spruce_Fir
59917,3127,287,32,150,100,731,115,219,234,2322,Spruce_Fir
35038,3008,133,10,180,31,4804,236,235,129,3460,Lodgepole_Pine
101658,3227,108,12,255,46,1756,241,225,112,1403,Spruce_Fir
46479,3054,94,4,1153,256,3090,225,234,144,1134,Lodgepole_Pine
1168,2865,274,6,300,100,2077,203,242,177,792,Aspen
10512,3057,282,15,335,20,3254,176,240,202,1620,Spruce_Fir
14520,2650,203,15,60,10,3301,211,252,172,2028,Lodgepole_Pine
51065,2896,88,8,30,5,1379,232,227,128,1518,Lodgepole_Pine
44621,2976,55,10,216,36,3827,226,220,127,1988,Lodgepole_Pine
19932,2874,30,10,90,0,4108,217,217,135,3090,Lodgepole_Pine
61881,2928,207,18,379,123,2858,206,253,177,1188,Lodgepole_Pine
97106,2968,94,17,175,33,2156,244,213,93,875,Lodgepole_Pine
20764,2995,251,9,755,-73,1633,201,246,183,2160,Lodgepole_Pine
13236,2415,112,31,234,81,1026,254,191,39,933,Ponderosa_Pine
27576,2963,171,27,182,66,1556,227,240,126,1952,Lodgepole_Pine
39599,3175,201,12,693,91,297,215,250,169,2457,Cottonwood_Willow
27137,3167,325,6,541,59,5544,206,234,167,1276,Lodgepole_Pine
92830,3149,37,14,60,5,3050,219,208,122,3246,Lodgepole_Pine
59716,2478,204,11,42,6,994,214,250,170,845,Ponderosa_Pine
59756,3124,180,20,459,76,2555,223,248,148,3076,Lodgepole_Pine
19100,2019,351,37,124,99,162,131,153,143,642,Ponderosa_Pine
80325,2810,81,5,371,0,1867,226,231,140,2257,Spruce_Fir
99330,2715,133,8,297,43,3673,233,236,135,2442,Lodgepole_Pine
37448,3017,70,18,458,50,4799,237,201,89,1426,Spruce_Fir
18694,2862,142,14,150,29,2797,240,236,122,2208,Lodgepole_Pine
23047,2763,330,14,30,11,1664,185,222,176,2793,Lodgepole_Pine
46932,3241,146,10,664,66,4253,234,239,135,2571,Spruce_Fir
19127,2982,175,17,371,143,1041,227,247,145,726,Spruce_Fir
21135,3229,212,14,108,12,1260,208,252,178,631,Spruce_Fir
18225,3169,30,15,283,14,3129,214,206,124,3121,Lodgepole_Pine
43321,3114,18,14,666,318,1172,208,209,135,1200,Spruce_Fir
71340,2932,115,22,499,-84,618,251,213,79,1800,Aspen
9203,3041,127,12,488,-16,1055,240,232,121,1422,Lodgepole_Pine
40319,2922,315,1,95,3,5139,215,237,160,3903,Lodgepole_Pine
43525,3106,197,5,390,-2,6454,219,244,161,2750,Lodgepole_Pine
22628,2442,351,17,443,237,1040,188,209,158,990,Lodgepole_Pine
86113,2958,3,22,600,89,2313,185,193,140,1753,Lodgepole_Pine
101363,3407,260,12,495,115,2703,190,247,195,1291,Spruce_Fir
4518,2819,153,22,335,114,1710,240,235,112,2203,Lodgepole_Pine
46270,2859,228,22,659,133,3847,182,254,202,1490,Lodgepole_Pine
12356,3001,86,15,361,98,4360,241,214,99,4823,Lodgepole_Pine
74570,3136,34,12,765,20,2144,218,213,129,3128,Spruce_Fir
93422,2952,36,7,534,16,4235,220,225,141,4520,Lodgepole_Pine
104754,3380,21,15,497,141,3219,208,206,132,2105,Krummholz
54555,3148,266,14,690,237,5773,185,245,199,1397,Lodgepole_Pine
7359,3056,73,17,351,11,4646,237,205,93,700,Lodgepole_Pine
41755,3503,22,18,842,91,2552,206,198,125,1758,Spruce_Fir
91265,2716,60,9,459,85,1426,227,221,127,1674,Lodgepole_Pine
65387,2898,324,4,541,54,3766,209,235,165,3221,Lodgepole_Pine
14841,3149,45,4,247,7,3342,221,231,146,4039,Spruce_Fir
6839,2542,118,18,30,10,720,248,221,93,3314,Lodgepole_Pine
24434,2810,269,40,270,169,1542,90,218,249,1377,Lodgepole_Pine
90512,3200,0,9,228,105,4924,206,222,154,1846,Spruce_Fir
26966,2697,31,16,420,-50,1374,214,203,120,1848,Lodgepole_Pine
52258,2770,83,31,212,111,240,244,169,30,1833,Aspen
20750,2977,37,7,516,84,1024,220,224,139,1605,Lodgepole_Pine
59781,2402,282,8,30,1,466,198,241,182,641,Douglas_fir
21034,3373,128,23,242,92,830,250,220,85,1057,Krummholz
91644,3331,212,21,553,184,1315,198,254,185,4247,Lodgepole_Pine
96222,3389,180,15,824,140,4330,224,248,152,2391,Krummholz
688,3238,197,11,283,44,3190,217,249,165,1159,Lodgepole_Pine
7516,3085,80,5,30,4,1430,227,230,137,2951,Spruce_Fir
65427,3259,107,28,467,158,3336,254,195,49,497,Spruce_Fir
81763,3355,95,6,60,0,4312,229,231,136,3935,Spruce_Fir
23326,3198,15,11,800,181,1922,211,218,143,2383,Spruce_Fir
73488,2950,322,17,108,11,2896,176,222,185,2053,Spruce_Fir
40212,3307,3,12,816,202,1300,203,216,150,1773,Krummholz
16997,3321,65,11,480,45,979,230,218,120,2575,Spruce_Fir
104617,2788,59,22,42,-2,216,230,190,82,1421,Aspen
106976,3210,65,16,335,62,1548,233,205,98,4742,Spruce_Fir
91304,3113,330,8,182,18,5541,201,231,169,1165,Spruce_Fir
67151,2909,108,3,182,0,4040,225,236,146,5673,Lodgepole_Pine
47831,3394,84,16,408,112,2251,241,212,97,2448,Spruce_Fir
109292,3249,84,25,331,121,1500,246,190,59,2200,Lodgepole_Pine
7464,2755,107,18,42,9,926,247,217,91,1441,Aspen
108117,2653,90,10,30,0,1239,235,224,120,819,Lodgepole_Pine
29841,3251,57,8,633,175,752,226,223,131,1124,Spruce_Fir
59264,2913,355,9,309,40,2269,206,224,157,2534,Lodgepole_Pine
64913,2958,347,9,95,16,2372,204,226,161,902,Spruce_Fir
8516,3300,280,30,201,45,3810,127,228,233,1353,Spruce_Fir
98103,3252,272,12,720,142,1289,187,243,195,2743,Spruce_Fir
9124,2758,75,11,175,8,1590,234,219,116,1956,Lodgepole_Pine
3564,2235,277,8,324,168,516,199,242,182,277,Ponderosa_Pine
44944,3010,26,31,301,98,1996,190,159,88,1801,Lodgepole_Pine
89729,3315,213,12,95,-3,2577,209,251,176,573,Krummholz
23537,3032,65,13,458,87,4308,232,212,110,1761,Lodgepole_Pine
19547,2771,65,25,60,-5,1907,234,181,65,1410,Lodgepole_Pine
78304,2960,59,4,90,0,1230,223,231,143,2084,Lodgepole_Pine
43315,3270,272,6,474,42,1809,204,242,176,722,Spruce_Fir
4785,2715,61,28,67,27,1572,229,169,54,1132,Lodgepole_Pine
22003,2974,18,18,684,105,2349,203,199,129,1567,Lodgepole_Pine
29122,3131,48,14,408,19,2012,224,210,117,1019,Spruce_Fir
88825,3208,72,19,573,132,3121,238,199,84,700,Spruce_Fir
50407,2665,341,21,150,61,1398,170,203,169,1318,Lodgepole_Pine
106777,3175,3,20,60,19,1770,190,199,142,2201,Spruce_Fir
11859,2997,245,4,351,12,1836,212,243,169,845,Lodgepole_Pine
83360,2906,34,11,277,74,2290,219,216,132,641,Lodgepole_Pine
791,3148,260,16,408,82,5891,178,247,206,2059,Lodgepole_Pine
10637,2955,301,14,600,59,6068,181,233,192,5769,Lodgepole_Pine
10541,3058,161,11,212,21,1633,232,243,141,934,Spruce_Fir
108824,2876,135,4,0,0,3636,226,238,147,3610,Lodgepole_Pine
57878,3150,138,7,85,5,4559,231,238,139,1077,Spruce_Fir
89995,3164,344,18,437,100,3776,182,210,165,1852,Spruce_Fir
80338,2919,357,16,816,189,323,193,210,153,1406,Lodgepole_Pine
67222,2207,62,36,342,163,752,224,144,23,805,Lodgepole_Pine
72276,3254,44,15,127,31,3300,222,206,115,3132,Lodgepole_Pine
110381,2338,114,23,319,144,937,252,209,71,1406,Cottonwood_Willow
11009,2982,351,38,495,14,4176,127,148,140,2202,Lodgepole_Pine
79614,3227,333,8,684,83,6218,201,229,168,1351,Spruce_Fir
42612,2924,230,21,510,167,1442,183,254,202,1666,Lodgepole_Pine
39574,3216,49,25,150,44,3472,222,178,77,503,Spruce_Fir
17884,2951,308,12,228,68,1982,188,232,185,2394,Lodgepole_Pine
44303,3212,44,26,430,141,3402,216,175,80,1710,Spruce_Fir
83671,3342,49,17,532,177,3551,225,202,105,1855,Krummholz
109177,2860,345,21,255,26,764,173,202,163,1222,Lodgepole_Pine
9816,3028,269,17,272,107,2793,173,244,209,2403,Douglas_fir
52287,3195,323,33,339,160,2883,121,186,195,2836,Spruce_Fir
45471,2940,260,29,450,306,1613,138,241,233,1565,Lodgepole_Pine
108582,3052,103,14,430,159,2215,242,222,106,1452,Lodgepole_Pine
107895,2952,331,12,216,29,3744,192,225,172,1341,Lodgepole_Pine
74201,3185,34,9,268,-28,2912,219,221,137,1442,Lodgepole_Pine
73001,3208,295,15,90,39,4897,175,234,199,815,Spruce_Fir
28685,2911,269,31,210,140,2279,125,233,238,1423,Spruce_Fir
4770,3001,112,14,242,0,3628,244,224,106,5891,Lodgepole_Pine
44683,3037,15,10,309,62,5093,211,219,144,3705,Spruce_Fir
54299,2641,40,14,339,44,558,220,208,119,283,Lodgepole_Pine
15324,2642,27,15,124,21,1019,212,207,128,1732,Lodgepole_Pine
95066,2991,91,16,532,184,541,243,214,97,1032,Lodgepole_Pine
55437,3128,199,19,765,91,1747,210,253,171,638,Lodgepole_Pine
67913,2147,122,31,42,21,1221,254,199,48,576,Cottonwood_Willow
43362,3296,170,7,1052,180,2382,225,243,152,2210,Spruce_Fir
5542,2810,109,30,552,274,1259,254,191,42,977,Lodgepole_Pine
92243,3316,79,10,537,121,390,233,223,121,576,Spruce_Fir
5610,2969,253,13,85,7,1655,191,248,195,1441,Lodgepole_Pine
69837,2901,336,9,175,19,2947,199,227,167,1842,Spruce_Fir
37860,2913,68,5,270,65,421,225,230,139,361,Lodgepole_Pine
40440,3286,114,15,60,-7,1310,244,224,105,1318,Spruce_Fir
8460,3013,69,18,134,17,1937,236,202,91,3465,Spruce_Fir
41084,3175,61,16,382,98,618,232,204,100,685,Spruce_Fir
28984,3094,240,8,0,0,3061,206,247,0,1381,Lodgepole_Pine
38975,2794,318,20,162,60,3369,162,217,193,1486,Lodgepole_Pine
40770,2883,236,19,499,259,782,183,253,203,1719,Lodgepole_Pine
20548,2658,268,32,258,134,1091,122,232,239,1440,Lodgepole_Pine
17072,3003,233,10,319,-52,2165,204,249,182,1100,Lodgepole_Pine
68735,2626,339,25,67,26,1273,160,196,170,1906,Douglas_fir
59998,3173,140,7,30,0,2106,231,238,139,1748,Spruce_Fir
21413,2749,147,8,247,14,1981,231,239,140,1224,Lodgepole_Pine
76570,3293,37,17,685,217,721,217,201,114,819,Spruce_Fir
14784,2867,39,13,390,25,2610,220,211,123,972,Spruce_Fir
19494,3160,347,13,127,15,4621,196,219,162,3139,Spruce_Fir
73723,2990,60,5,60,3,2911,224,229,140,1746,Lodgepole_Pine
21596,3011,53,16,485,95,4579,227,205,107,3881,Spruce_Fir
12241,2742,220,16,42,11,2646,199,254,188,1965,Lodgepole_Pine
26638,3336,108,18,30,3,4373,247,217,92,3928,Spruce_Fir
95645,3248,31,11,616,59,3989,217,215,132,3645,Spruce_Fir
19675,3009,338,5,30,1,3986,209,233,162,1165,Lodgepole_Pine
79655,2968,242,13,228,31,4938,195,250,192,2100,Spruce_Fir
69212,2505,121,12,30,-4,1802,240,230,117,511,Douglas_fir
55746,3037,312,6,780,151,5743,204,236,170,5342,Lodgepole_Pine
19386,3261,219,10,511,59,2482,209,250,177,1489,Lodgepole_Pine
56253,3265,90,33,218,62,4732,248,168,21,242,Spruce_Fir
38875,2833,88,9,450,49,1852,234,226,124,1273,Lodgepole_Pine
5827,2848,182,24,90,18,4022,219,247,146,1342,Lodgepole_Pine
52124,3144,117,7,108,8,741,232,234,135,2315,Spruce_Fir
92594,3437,130,12,560,280,1684,240,233,122,752,Krummholz
63944,3465,190,7,451,12,1579,220,245,160,3749,Spruce_Fir
57585,3436,3,30,360,143,2543,166,168,128,2418,Spruce_Fir
70817,3014,159,6,541,100,1950,226,241,149,2785,Lodgepole_Pine
894,2834,137,28,67,26,5197,249,217,76,4480,Lodgepole_Pine
19552,2900,93,8,153,36,3090,233,228,127,2525,Lodgepole_Pine
4066,2956,100,16,162,27,1980,245,215,94,1964,Douglas_fir
14554,2627,354,9,30,7,696,205,224,157,1471,Lodgepole_Pine
12329,3008,125,11,446,43,5390,239,232,121,5940,Lodgepole_Pine
30510,2968,113,15,90,-1,2228,245,223,103,815,Spruce_Fir
26442,3268,111,21,598,107,1222,250,213,80,1784,Spruce_Fir
109897,2166,6,34,270,155,366,157,153,116,384,Ponderosa_Pine
33883,3164,282,10,67,7,1332,193,241,188,1214,Spruce_Fir
2155,2517,320,11,150,32,382,192,230,177,661,Lodgepole_Pine
7986,3083,131,10,42,7,4459,237,235,127,1032,Cottonwood_Willow
14053,3432,103,21,552,139,2395,250,208,77,2325,Spruce_Fir
68919,2766,270,4,30,1,2250,210,241,170,2890,Lodgepole_Pine
9584,3111,151,21,242,86,2376,241,235,113,1642,Spruce_Fir
29566,2718,33,15,216,0,1556,216,207,123,426,Spruce_Fir
17238,2803,50,14,210,22,1433,226,208,113,1181,Lodgepole_Pine
54604,2209,14,28,108,18,424,182,172,115,792,Douglas_fir
13213,2939,320,23,212,99,5383,153,211,194,4911,Lodgepole_Pine
77469,3160,77,8,30,-1,2448,230,226,129,1376,Spruce_Fir
48474,2234,346,35,216,109,1129,131,161,154,1146,Ponderosa_Pine
18160,2942,107,17,228,54,2184,247,218,94,1855,Lodgepole_Pine
54681,2690,333,17,127,34,1710,180,216,175,1266,Lodgepole_Pine
63709,3228,19,12,624,59,1487,211,214,138,2376,Lodgepole_Pine
22831,2873,284,21,190,60,779,156,235,216,1828,Spruce_Fir
49441,3244,56,3,577,65,4417,222,232,146,2635,Spruce_Fir
74019,3143,335,4,150,18,731,211,234,162,1106,Spruce_Fir
14220,3280,319,15,402,92,1633,181,226,184,3042,Spruce_Fir
31207,3218,354,9,42,4,3827,206,225,158,3558,Spruce_Fir
21035,2901,303,35,765,526,854,103,198,224,2324,Lodgepole_Pine
26629,2960,337,12,85,9,4116,195,224,168,1121,Spruce_Fir
75264,2812,255,27,150,51,1839,149,245,227,1549,Lodgepole_Pine
33213,2928,327,8,376,86,955,200,231,170,2023,Lodgepole_Pine
31503,2343,169,31,216,0,402,225,234,115,616,Ponderosa_Pine
51972,2910,263,18,845,241,2287,173,246,210,1666,Aspen
105194,2805,36,10,42,1,1332,219,218,133,2478,Spruce_Fir
39030,2765,355,9,150,59,150,206,224,157,577,Spruce_Fir
40592,3136,81,10,497,-15,4079,233,223,121,4530,Spruce_Fir
62688,3096,123,11,430,12,1972,239,231,121,2471,Spruce_Fir
23680,3299,294,25,108,33,1962,143,225,218,2432,Krummholz
57425,3039,306,36,382,228,1080,102,195,221,1295,Spruce_Fir
81417,2250,93,37,335,-39,569,248,159,5,503,Ponderosa_Pine
92513,3112,9,22,454,86,934,190,191,132,1415,Spruce_Fir
60779,2407,297,19,108,25,350,162,230,206,808,Ponderosa_Pine
19631,3041,349,22,85,27,4470,174,198,159,2713,Krummholz
10317,3075,93,14,256,64,1207,241,218,104,1040,Spruce_Fir
102332,3210,89,10,618,189,2605,236,224,119,2963,Spruce_Fir
69714,3050,275,9,750,51,5680,197,242,185,3357,Lodgepole_Pine
26528,3010,107,6,914,215,2790,230,233,137,1120,Lodgepole_Pine
42351,3189,54,31,242,61,1471,221,158,49,2706,Spruce_Fir
59496,2789,330,4,247,12,2241,210,235,163,2501,Lodgepole_Pine
5354,3203,49,9,162,-12,450,224,221,131,2190,Spruce_Fir
46719,3105,242,14,738,289,1645,193,250,194,531,Lodgepole_Pine
42124,2929,162,14,342,88,3062,233,243,137,3326,Lodgepole_Pine
96060,2358,304,16,201,64,1091,175,230,195,755,Ponderosa_Pine
66452,2967,354,12,247,27,1521,200,218,156,693,Spruce_Fir
24322,3084,22,9,541,85,2848,214,220,141,1809,Lodgepole_Pine
30057,2625,336,20,30,12,1979,170,207,174,4615,Lodgepole_Pine
54824,3223,20,13,361,70,1106,210,211,135,2259,Lodgepole_Pine
63970,2789,39,12,270,37,1703,220,213,126,1231,Spruce_Fir
3407,3000,125,8,330,71,2300,234,235,133,2510,Lodgepole_Pine
94906,2498,79,7,283,3,1006,230,227,130,4168,Lodgepole_Pine
11751,2570,189,17,124,31,1262,219,250,159,1956,Ponderosa_Pine
5638,3283,27,14,30,4,1974,213,210,130,4722,Spruce_Fir
95159,2943,45,13,124,16,4644,223,211,120,4060,Lodgepole_Pine
52050,2799,347,11,60,8,1003,200,223,161,2828,Lodgepole_Pine
108099,3168,107,6,466,60,5539,231,232,134,1198,Lodgepole_Pine
95783,3052,98,16,150,52,731,244,216,97,1972,Spruce_Fir
65604,3320,309,6,180,22,1482,203,236,172,1679,Spruce_Fir
38855,2727,92,13,524,127,1500,240,220,109,2396,Lodgepole_Pine
106912,3137,353,23,255,26,3935,173,192,152,888,Spruce_Fir
9233,3149,344,16,268,51,3492,186,213,165,3215,Spruce_Fir
39966,3220,0,9,201,22,725,206,222,154,1259,Lodgepole_Pine
86132,3266,273,9,268,49,4884,195,243,187,1025,Lodgepole_Pine
73820,2321,5,19,258,125,895,192,199,141,732,Douglas_fir
109323,3313,158,10,480,171,1260,231,242,141,2402,Lodgepole_Pine
2562,2629,221,22,192,35,2952,188,254,195,2002,Lodgepole_Pine
65598,2438,182,30,42,18,1471,213,242,140,642,Ponderosa_Pine
19232,2892,46,14,446,95,2706,224,210,117,3202,Lodgepole_Pine
41998,3060,152,10,218,-39,755,233,240,138,1431,Spruce_Fir
29409,3273,288,19,306,88,4314,164,235,210,2382,Spruce_Fir
66359,2604,338,22,474,223,684,167,203,172,1075,Krummholz
92811,3003,157,13,677,52,2912,234,241,136,2376,Lodgepole_Pine
27682,3356,225,16,510,92,3489,197,253,190,1495,Spruce_Fir
60754,2938,83,8,134,5,1243,231,227,128,2270,Douglas_fir
23551,3205,84,10,30,7,2782,234,224,121,2737,Spruce_Fir
98972,3230,341,11,42,8,3421,196,223,166,1852,Spruce_Fir
91528,2863,303,27,457,116,1832,137,216,214,2071,Aspen
81783,2364,113,29,60,27,323,254,198,50,764,Ponderosa_Pine
21827,2589,113,14,30,6,1395,243,226,109,5084,Lodgepole_Pine
84794,2943,319,29,335,172,706,132,198,199,1215,Spruce_Fir
82841,3154,179,25,400,93,3494,221,246,143,960,Lodgepole_Pine
73317,3257,250,21,947,336,3353,169,249,214,2624,Lodgepole_Pine
32735,3047,304,15,95,19,4555,176,231,195,2227,Lodgepole_Pine
17975,3359,339,4,201,28,3455,211,234,161,2178,Spruce_Fir
82724,2389,245,18,300,119,1084,180,251,206,342,Douglas_fir
18836,2998,270,8,277,20,5124,200,243,182,6047,Lodgepole_Pine
56615,2996,199,10,426,20,5152,217,249,166,1590,Lodgepole_Pine
15632,3231,91,12,30,-4,1452,238,221,111,2697,Spruce_Fir
28270,3149,67,7,30,-5,1841,228,226,132,384,Spruce_Fir
58511,2855,30,19,60,2,591,211,196,115,324,Lodgepole_Pine
45266,3187,156,22,90,-9,2353,239,236,115,3270,Spruce_Fir
35459,2466,81,3,30,-1,67,223,234,146,1282,Douglas_fir
65311,2354,124,19,150,67,1332,248,223,95,924,Lodgepole_Pine
43488,3252,320,7,541,-78,658,202,233,171,3238,Lodgepole_Pine
87059,3168,4,15,794,151,1800,199,210,147,2468,Spruce_Fir
39999,3392,108,21,330,2,1997,250,210,78,3266,Krummholz
51693,3057,85,16,592,56,1482,241,211,96,2467,Lodgepole_Pine
4668,2794,20,17,256,52,1019,206,202,129,1848,Lodgepole_Pine
27212,3397,183,8,319,57,1869,222,246,157,2201,Spruce_Fir
7567,3182,103,8,541,5,631,233,230,130,876,Lodgepole_Pine
99630,3283,272,9,902,173,1505,197,243,185,2713,Spruce_Fir
103264,3136,144,12,351,27,3369,237,237,128,2926,Lodgepole_Pine
57438,2948,142,13,67,15,1524,238,237,126,404,Lodgepole_Pine
11445,3127,66,15,488,72,417,233,210,105,1273,Aspen
79118,3194,209,6,268,31,2674,216,246,166,977,Spruce_Fir
59431,2719,179,29,300,135,1718,218,242,137,1233,Ponderosa_Pine
32569,3003,71,28,90,-28,571,237,174,49,646,Spruce_Fir
106568,2970,331,8,256,-55,641,201,230,168,1063,Spruce_Fir
107390,2839,355,11,454,84,1864,202,221,156,2802,Lodgepole_Pine
16216,2640,107,29,42,9,2673,254,193,0,6630,Lodgepole_Pine
31221,2586,56,3,454,47,1260,222,232,146,1626,Lodgepole_Pine
47044,2624,305,37,175,48,2193,95,192,223,2359,Spruce_Fir
31502,2888,22,22,124,37,1290,201,188,116,2161,Lodgepole_Pine
60520,2775,56,11,228,43,2970,227,217,122,6333,Lodgepole_Pine
55991,2917,332,17,459,202,1347,179,217,176,2340,Lodgepole_Pine
3435,2973,300,17,633,339,1523,169,231,201,1844,Lodgepole_Pine
13888,3248,269,19,162,36,3881,167,243,214,1455,Krummholz
12920,3151,48,24,150,56,4734,221,180,81,1535,Aspen
93324,2363,12,26,313,210,1149,185,178,121,1245,Douglas_fir
67049,2493,111,6,85,12,518,230,234,137,1329,Douglas_fir
64197,2480,52,29,170,61,713,221,166,60,750,Lodgepole_Pine
63172,3157,207,14,283,46,2133,210,252,175,731,Spruce_Fir
9188,2869,312,27,324,132,3514,136,208,206,1308,Lodgepole_Pine
20170,3105,319,10,124,19,60,193,231,177,1116,Spruce_Fir
57355,3457,72,31,190,60,2474,237,163,34,3784,Krummholz
67240,3106,61,8,180,18,4594,227,223,129,2655,Lodgepole_Pine
7068,2975,3,8,513,37,2292,209,225,153,2737,Spruce_Fir
106980,2606,23,7,85,-8,3347,216,225,145,2684,Spruce_Fir
62683,3122,328,4,474,61,2160,209,234,164,2372,Spruce_Fir
85900,3138,18,12,242,21,1911,211,215,139,2828,Spruce_Fir
34165,2829,228,24,319,197,825,176,253,205,1718,Douglas_fir
39569,2225,297,29,162,88,1214,128,217,223,742,Douglas_fir
97456,3118,308,17,108,7,3920,173,228,194,1797,Spruce_Fir
58595,2154,144,15,85,18,210,240,236,120,514,Ponderosa_Pine
39231,2096,87,20,175,76,268,245,202,77,474,Ponderosa_Pine
68647,3087,318,7,277,18,2173,201,234,172,2416,Lodgepole_Pine
85934,3265,118,5,192,22,5452,228,236,142,845,Lodgepole_Pine
102449,3095,284,16,499,101,1260,174,238,204,2249,Spruce_Fir
106818,3253,155,17,384,88,1652,238,239,126,1454,Spruce_Fir
68517,3203,167,11,283,26,2188,229,244,145,1722,Lodgepole_Pine
10105,2418,250,24,210,43,323,162,249,219,582,Ponderosa_Pine
98110,2178,66,35,210,114,247,229,149,23,433,Ponderosa_Pine
16760,2432,35,32,124,28,1110,198,152,68,977,Douglas_fir
42123,3071,67,12,212,23,2524,232,217,116,3004,Lodgepole_Pine
81447,2995,288,8,503,13,4452,199,240,180,4893,Krummholz
76526,2688,19,26,540,191,886,192,177,111,664,Lodgepole_Pine
96696,3178,45,1,582,36,3178,219,236,154,4001,Spruce_Fir
80755,3077,354,16,360,70,972,192,211,155,1290,Lodgepole_Pine
45440,2578,350,16,420,57,162,188,210,159,760,Lodgepole_Pine
104723,3277,62,9,134,-7,3000,228,221,125,1935,Krummholz
71746,3183,121,27,319,82,3472,253,207,64,351,Spruce_Fir
92142,2985,152,8,170,7,4765,230,240,142,4994,Spruce_Fir
38928,3383,311,10,150,21,2283,193,233,180,2473,Krummholz
33653,3247,277,23,390,141,330,150,237,223,752,Spruce_Fir
63519,3039,82,12,755,-143,1434,237,219,111,990,Lodgepole_Pine
52195,2965,97,12,42,6,3762,240,222,110,5151,Lodgepole_Pine
31729,3241,59,12,192,27,3833,229,214,116,3331,Spruce_Fir
31074,2889,226,24,30,2,2611,180,254,202,1441,Lodgepole_Pine
35214,3224,270,9,150,19,4924,198,243,185,648,Spruce_Fir
32064,3244,151,24,242,87,4154,242,231,104,2995,Spruce_Fir
102402,3178,162,5,162,3,3599,225,241,150,4599,Spruce_Fir
64359,3175,21,8,424,33,3175,215,223,145,4084,Spruce_Fir
52576,2432,239,10,342,-58,1022,202,249,184,1348,Ponderosa_Pine
19097,3266,3,4,424,29,5951,214,232,155,886,Spruce_Fir
1116,2942,237,10,300,36,5783,203,249,183,2659,Krummholz
81472,3142,323,7,272,-4,571,201,233,171,1337,Spruce_Fir
100784,2872,68,20,351,103,1739,236,196,83,1864,Lodgepole_Pine
90597,2949,353,17,591,43,5539,190,209,156,1926,Lodgepole_Pine
29179,3060,207,10,644,1,212,214,249,170,1167,Lodgepole_Pine
6319,2053,311,29,67,26,350,129,205,210,589,Douglas_fir
33271,3359,158,15,644,153,1276,235,241,133,2051,Spruce_Fir
64631,3088,42,22,450,170,2335,218,187,95,2227,Spruce_Fir
10566,2977,186,17,641,51,2886,220,250,157,2203,Lodgepole_Pine
62241,3036,219,12,488,1,2934,206,252,180,1749,Spruce_Fir
6952,3217,180,7,421,73,816,223,244,156,474,Spruce_Fir
85853,3337,344,8,382,116,1613,205,228,162,2864,Spruce_Fir
84390,2810,30,28,170,28,997,199,168,90,2131,Lodgepole_Pine
9784,2110,76,36,90,46,150,237,151,14,351,Ponderosa_Pine
105426,3050,45,7,90,-1,1651,222,225,138,3020,Spruce_Fir
7475,2982,64,6,42,1,1973,226,228,136,3565,Spruce_Fir
95025,3061,220,16,182,38,780,199,254,187,1047,Lodgepole_Pine
46833,2208,317,33,85,43,1360,117,191,204,658,Douglas_fir
88581,3215,259,14,301,54,2869,185,247,200,832,Lodgepole_Pine
26924,3210,123,7,743,0,1019,231,235,137,2206,Lodgepole_Pine
9897,3141,358,18,547,28,1974,190,205,150,3368,Spruce_Fir
63566,2906,118,15,511,15,1637,244,226,107,1060,Lodgepole_Pine
32851,2391,120,23,319,64,351,251,215,79,836,Ponderosa_Pine
81798,3003,88,29,660,207,1184,248,179,39,984,Lodgepole_Pine
93785,2865,142,11,190,39,2445,237,237,129,2695,Spruce_Fir
43233,2887,41,14,323,45,2732,221,208,119,2655,Aspen
12501,2789,72,19,376,101,390,238,199,84,2522,Lodgepole_Pine
16102,3152,52,14,153,16,979,226,209,113,5023,Spruce_Fir
6736,2892,83,6,450,76,3707,229,230,135,3111,Lodgepole_Pine
35862,3178,358,16,607,-12,3439,193,209,152,3108,Spruce_Fir
37734,2636,330,21,153,67,679,165,209,181,2114,Lodgepole_Pine
13085,3089,108,32,402,-15,752,254,184,31,1782,Lodgepole_Pine
50535,2803,313,20,30,13,693,163,221,196,1063,Spruce_Fir
76717,3447,330,14,787,248,900,186,222,175,964,Spruce_Fir
20491,3160,85,11,324,20,953,236,221,114,2081,Spruce_Fir
44086,3135,24,17,216,60,1150,208,200,124,738,Spruce_Fir
13555,3320,32,15,216,60,5973,216,207,124,466,Spruce_Fir
25914,2575,36,14,268,13,1452,218,207,122,4302,Lodgepole_Pine
102167,2619,306,4,150,58,755,208,237,168,6289,Lodgepole_Pine
93141,3049,244,19,218,42,1235,178,251,208,2755,Spruce_Fir
85577,2961,55,11,779,210,1381,227,216,121,1800,Lodgepole_Pine
11214,2941,312,7,170,14,1967,201,235,173,1747,Lodgepole_Pine
79603,3137,285,36,457,33,1504,99,213,241,3082,Spruce_Fir
42977,2911,176,18,150,29,990,226,247,146,1926,Lodgepole_Pine
76206,3312,188,20,242,50,4578,217,250,158,2860,Spruce_Fir
50008,2691,35,16,552,-22,636,216,202,117,1442,Spruce_Fir
26606,3209,330,5,60,-4,3182,207,233,165,1448,Douglas_fir
79840,2632,125,29,108,49,1842,253,205,58,2797,Ponderosa_Pine
88258,2896,68,5,0,0,3697,225,230,139,5026,Spruce_Fir
54628,2541,300,12,256,34,805,187,235,188,1206,Lodgepole_Pine
107776,2700,193,25,228,92,1878,209,250,163,1379,Lodgepole_Pine
30083,3293,180,2,150,33,5719,220,240,157,767,Spruce_Fir
75376,3174,310,4,330,5,228,209,237,167,1470,Lodgepole_Pine
32399,3118,254,12,150,14,5566,193,248,193,3063,Lodgepole_Pine
100313,3252,75,13,725,104,706,236,215,108,1961,Lodgepole_Pine
73280,3248,70,13,268,-36,1401,234,214,109,1853,Spruce_Fir
6242,3014,104,6,566,82,2851,230,233,136,1380,Lodgepole_Pine
20054,3003,341,21,0,0,5546,172,205,169,2162,Spruce_Fir
4558,2734,172,25,255,65,1935,227,242,131,2234,Lodgepole_Pine
50499,2179,18,31,379,128,492,180,158,99,417,Ponderosa_Pine
55814,2845,293,12,30,8,2488,185,237,192,2201,Spruce_Fir
69935,3143,266,21,782,86,3421,162,244,218,2105,Spruce_Fir
35096,2314,16,18,190,50,469,202,201,131,566,Ponderosa_Pine
81530,3406,324,2,671,131,2195,214,236,160,1318,Spruce_Fir
96263,3295,217,26,190,54,2309,183,254,195,2902,Lodgepole_Pine
33069,2721,185,11,360,-14,600,222,248,157,661,Lodgepole_Pine
23222,3091,16,3,0,0,3948,217,232,153,1148,Spruce_Fir
23570,3030,38,16,900,-29,1438,218,203,115,2023,Spruce_Fir
80121,3268,175,11,499,45,2971,226,246,151,2941,Lodgepole_Pine
95556,2817,133,10,42,6,2420,236,235,129,2620,Lodgepole_Pine
10685,3020,75,5,524,203,2043,227,230,137,2929,Lodgepole_Pine
107816,2982,82,7,175,17,4146,230,228,130,2136,Lodgepole_Pine
77602,3165,289,19,371,53,1294,165,235,208,2079,Lodgepole_Pine
49810,3204,309,35,150,33,2214,104,193,217,3063,Cottonwood_Willow
7286,2936,158,21,201,62,4113,238,238,120,1503,Lodgepole_Pine
103220,3275,254,12,616,152,3654,193,248,193,2039,Lodgepole_Pine
101323,2921,49,16,685,291,1060,225,203,108,631,Lodgepole_Pine
50041,3089,24,9,285,18,3956,216,222,142,1956,Lodgepole_Pine
52811,3016,297,7,361,-6,1836,201,238,176,1572,Lodgepole_Pine
38008,3102,357,24,782,54,2730,176,190,146,2400,Lodgepole_Pine
46759,2602,257,19,283,139,1456,172,248,212,1384,Lodgepole_Pine
8012,3039,152,10,120,6,828,233,240,138,1533,Lodgepole_Pine
24182,2179,336,31,134,95,240,138,182,175,671,Ponderosa_Pine
16086,3176,270,2,134,4,2696,214,239,163,1170,Spruce_Fir
9939,3157,29,17,421,29,1470,212,201,120,1717,Lodgepole_Pine
21271,3000,274,26,474,241,2608,143,236,228,953,Lodgepole_Pine
44947,2723,17,13,134,17,2101,208,212,139,3950,Lodgepole_Pine
8629,2829,120,22,175,54,2055,251,216,81,1294,Aspen
17166,3200,270,6,150,16,684,205,242,176,1604,Spruce_Fir
59889,3198,106,17,60,4,1590,247,216,92,2557,Spruce_Fir
68039,3253,351,6,150,25,1530,210,230,159,743,Spruce_Fir
91389,1974,126,19,108,31,120,248,224,96,285,Ponderosa_Pine
37118,2929,92,20,162,31,2343,247,204,77,594,Aspen
13075,3308,129,10,603,170,960,237,234,126,2285,Lodgepole_Pine
80457,3060,359,22,630,34,854,182,194,146,1371,Spruce_Fir
89204,2697,169,2,420,0,883,221,240,155,1632,Cottonwood_Willow
109417,2698,127,2,330,1,932,223,237,150,1736,Lodgepole_Pine
48289,3258,71,10,484,79,4221,231,221,121,2771,Spruce_Fir
48122,2434,225,35,30,23,1518,151,247,212,576,Ponderosa_Pine
3269,3198,8,13,666,180,4458,205,215,146,2192,Spruce_Fir
95077,3330,52,20,256,51,1758,226,193,93,1871,Spruce_Fir
12406,2354,21,9,120,45,1289,214,221,142,283,Ponderosa_Pine
33468,2884,49,5,503,89,2737,222,228,141,3359,Lodgepole_Pine
34543,3131,102,20,335,56,4380,249,209,79,3246,Spruce_Fir
43536,2912,111,12,212,33,3280,240,227,116,2416,Lodgepole_Pine
1075,3358,184,14,618,109,4473,223,249,156,2476,Krummholz
16289,2688,222,24,30,0,2670,182,254,199,1026,Lodgepole_Pine
13239,3013,168,12,361,39,4670,229,245,146,655,Lodgepole_Pine
4258,2669,28,9,90,-2,1482,217,220,139,1415,Lodgepole_Pine
72125,2389,27,13,297,30,1361,214,212,132,633,Douglas_fir
71302,2542,25,7,212,16,607,217,225,145,1090,Lodgepole_Pine
92114,3019,3,27,256,45,2185,174,178,133,3026,Lodgepole_Pine
1475,2126,321,28,150,76,499,136,200,197,703,Douglas_fir
58655,3156,35,16,175,41,5308,216,202,117,2748,Douglas_fir
69677,2788,251,16,30,6,2250,182,250,204,865,Aspen
102645,3216,30,24,443,141,964,205,181,101,658,Spruce_Fir
25724,2776,86,12,30,5,1465,237,221,113,2170,Lodgepole_Pine
71487,2857,310,11,30,13,5897,190,233,183,4518,Lodgepole_Pine
39332,2975,98,7,283,-2,3691,232,230,130,5930,Lodgepole_Pine
83119,3382,211,7,1064,180,3009,215,247,168,1312,Spruce_Fir
4419,3152,15,15,618,-15,4155,205,207,136,3789,Spruce_Fir
38994,2856,329,22,228,53,2643,162,209,183,1040,Lodgepole_Pine
58519,2919,29,19,417,118,4592,210,196,116,5139,Douglas_fir
99454,3138,213,8,30,1,1789,213,248,171,2067,Spruce_Fir
102518,2813,60,7,201,19,1999,225,226,135,2926,Spruce_Fir
67440,2460,0,18,492,218,955,192,205,148,949,Ponderosa_Pine
56467,2389,98,12,30,-3,636,239,223,113,1080,Douglas_fir
79651,3259,159,19,446,95,3491,236,240,126,735,Spruce_Fir
7554,3084,174,5,67,-2,1800,223,242,155,488,Spruce_Fir
418,3194,274,28,67,19,1189,133,233,233,2539,Spruce_Fir
76859,3149,149,15,552,0,5869,239,238,124,1366,Lodgepole_Pine
37417,2821,161,26,124,56,3918,235,235,113,5503,Lodgepole_Pine
107908,2625,13,23,30,15,1800,191,186,125,6918,Lodgepole_Pine
28569,2853,129,7,60,1,3131,231,236,137,3157,Lodgepole_Pine
68779,3061,47,18,42,0,2708,223,198,103,4002,Spruce_Fir
39024,2814,32,25,313,117,1075,205,177,96,1012,Lodgepole_Pine
28452,2342,257,28,342,48,1176,145,243,230,752,Cottonwood_Willow
65899,3228,135,4,60,2,3260,226,238,146,2072,Krummholz
51283,3136,147,14,342,58,216,238,238,126,3427,Lodgepole_Pine
64265,3203,11,10,778,79,2048,209,220,147,2373,Spruce_Fir
41862,2276,298,25,242,74,1146,142,222,216,774,Ponderosa_Pine
104652,2867,207,21,499,35,832,201,254,180,1706,Aspen
76243,3001,47,12,319,-9,4460,224,214,122,2348,Lodgepole_Pine
25083,2985,146,21,180,12,2618,243,232,107,1616,Lodgepole_Pine
88117,2839,66,24,190,50,3331,235,184,67,1666,Lodgepole_Pine
105016,3024,13,10,150,20,5280,210,219,145,4512,Spruce_Fir
109566,2942,45,12,301,29,4600,223,214,123,4063,Lodgepole_Pine
27259,3190,235,13,430,-16,655,197,251,190,2073,Lodgepole_Pine
87900,2358,27,28,170,88,732,196,167,94,841,Douglas_fir
1612,3171,46,16,390,58,1961,223,203,109,3419,Spruce_Fir
83836,3168,331,14,537,157,830,185,221,175,1884,Spruce_Fir
8392,2458,26,21,258,96,685,205,189,113,1209,Ponderosa_Pine
91483,2241,62,21,0,0,990,232,191,81,1008,Douglas_fir
47854,2978,9,13,376,-12,3776,205,213,144,5863,Lodgepole_Pine
43128,3165,29,11,212,29,3205,216,217,135,4926,Spruce_Fir
3264,2896,51,25,201,83,3515,222,176,74,2489,Lodgepole_Pine
103955,2209,35,24,335,159,400,209,178,93,277,Douglas_fir
93296,2560,33,29,30,-13,771,201,165,83,1321,Douglas_fir
32823,2574,137,8,30,0,860,233,237,135,2160,Lodgepole_Pine
17334,2970,324,14,67,5,3394,183,224,180,2007,Spruce_Fir
82199,3246,358,28,638,109,1333,165,177,140,1490,Krummholz
16084,3233,14,8,85,6,5835,213,224,148,1003,Spruce_Fir
70434,2824,108,6,700,36,721,231,233,136,1401,Spruce_Fir
49179,3109,25,11,780,-65,4224,215,217,138,4080,Spruce_Fir
92848,2727,13,11,175,21,2077,209,217,144,3907,Lodgepole_Pine
409,3279,189,13,902,65,618,220,250,161,2836,Lodgepole_Pine
34410,3231,110,9,376,88,4160,236,230,126,1252,Lodgepole_Pine
26486,2689,76,10,390,-31,713,232,222,121,162,Douglas_fir
4263,3372,181,12,1034,133,2812,224,247,155,1825,Krummholz
68693,2999,180,13,240,20,1770,224,248,153,1405,Spruce_Fir
88769,2354,331,25,256,154,1329,154,201,181,888,Ponderosa_Pine
59857,2794,19,29,175,63,979,184,164,103,1036,Cottonwood_Willow
52008,2998,330,18,454,82,5442,176,216,179,1369,Lodgepole_Pine
82970,3199,111,4,376,16,5420,227,235,143,2297,Spruce_Fir
46222,3201,340,19,67,20,1608,177,210,169,2750,Lodgepole_Pine
53986,2117,357,27,283,-4,481,166,180,143,778,Douglas_fir
35964,2972,62,11,85,13,4885,230,216,118,4736,Lodgepole_Pine
48655,3116,112,8,648,54,404,234,232,130,1681,Lodgepole_Pine
45345,3271,199,11,313,68,1050,216,250,167,603,Spruce_Fir
80078,3120,8,13,379,29,1523,205,214,145,3516,Spruce_Fir
5460,3195,302,12,484,99,1504,187,235,187,2424,Spruce_Fir
80342,2627,116,35,150,82,1597,254,185,27,1387,Lodgepole_Pine
19882,3186,8,9,384,108,2941,210,223,150,1041,Spruce_Fir
26480,2260,354,37,67,29,888,135,151,137,1159,Douglas_fir
50548,2998,237,17,430,98,5341,187,253,200,1253,Spruce_Fir
6808,3090,213,16,162,10,1802,204,253,182,576,Spruce_Fir
26322,2660,63,8,180,32,3378,228,223,128,2393,Lodgepole_Pine
17914,2737,72,3,339,32,2115,223,233,146,6091,Lodgepole_Pine
80703,2997,338,19,404,29,242,176,210,171,912,Spruce_Fir
34655,3274,298,21,516,71,1766,158,228,209,3163,Spruce_Fir
1174,2913,127,14,162,39,4345,242,230,114,3309,Spruce_Fir
1704,2818,346,20,408,127,2490,176,203,163,2148,Lodgepole_Pine
106936,3229,313,13,216,20,4442,186,230,184,631,Spruce_Fir
40536,3212,123,12,516,64,5807,240,231,120,1624,Spruce_Fir
21895,2881,174,25,95,34,1570,226,243,134,2445,Lodgepole_Pine
93941,2877,97,26,350,205,1339,251,193,54,997,Aspen
80300,2645,354,38,134,62,937,132,147,134,2333,Lodgepole_Pine
20215,2311,227,16,60,5,940,196,253,191,990,Aspen
35002,2967,72,21,430,133,685,239,195,77,1025,Krummholz
90169,3083,164,6,488,-45,6282,226,242,150,2781,Lodgepole_Pine
87129,3182,327,23,258,81,1159,156,206,186,2100,Spruce_Fir
66666,3275,66,8,228,20,1022,228,225,131,1964,Spruce_Fir
87537,2061,333,41,42,35,120,97,153,176,661,Ponderosa_Pine
19317,2939,87,14,270,23,4747,240,215,102,1995,Lodgepole_Pine
107253,2882,128,14,192,49,2173,242,231,115,841,Lodgepole_Pine
1690,2777,346,8,90,10,3281,205,228,161,2984,Spruce_Fir
2908,3164,350,19,450,104,1436,182,204,158,2322,Lodgepole_Pine
10490,3069,291,8,90,4,1543,197,239,181,1764,Lodgepole_Pine
107375,3108,192,14,300,79,671,218,250,163,767,Lodgepole_Pine
64333,2126,293,27,127,59,624,134,222,223,830,Douglas_fir
4680,3069,278,19,295,32,3183,165,239,213,1560,Spruce_Fir
68942,3240,227,19,743,149,3994,190,254,196,849,Lodgepole_Pine
10740,3383,212,9,537,115,3462,213,249,172,175,Spruce_Fir
85410,3101,197,11,120,10,2122,217,249,165,684,Lodgepole_Pine
81230,2996,186,10,488,-24,1361,222,247,158,1493,Lodgepole_Pine
105551,3009,81,12,120,29,1190,236,219,112,2151,Spruce_Fir
39663,2944,322,11,212,7,1800,192,229,177,42,Spruce_Fir
110267,2303,328,28,90,49,1063,141,195,186,882,Douglas_fir
37806,2806,37,7,430,50,2089,220,224,140,2052,Lodgepole_Pine
37939,2895,68,9,484,97,3115,230,221,124,470,Lodgepole_Pine
37165,2542,239,48,162,116,1902,89,222,234,300,Ponderosa_Pine
38654,3260,162,9,361,84,3290,229,243,145,2997,Spruce_Fir
81664,3285,78,14,180,59,4436,237,214,105,1233,Spruce_Fir
11093,2753,52,14,180,35,1500,226,209,113,2203,Lodgepole_Pine
34038,3009,39,3,85,2,5191,220,232,149,2538,Spruce_Fir
77970,3260,298,28,499,89,1855,130,217,221,3271,Spruce_Fir
90769,3174,231,27,170,83,3453,168,252,211,579,Lodgepole_Pine
4224,3204,35,20,698,145,1593,213,192,107,3274,Spruce_Fir
37458,3071,350,12,751,248,752,198,219,160,1308,Lodgepole_Pine
46492,3305,82,13,390,71,3730,238,216,107,1618,Krummholz
88973,2094,341,13,0,0,916,192,220,166,769,Cottonwood_Willow
86025,3033,75,27,571,-71,661,241,178,50,1681,Spruce_Fir
42985,2522,9,12,255,48,679,206,216,146,1020,Douglas_fir
2894,2716,43,25,124,48,124,216,177,83,2739,Lodgepole_Pine
93716,2704,74,16,30,9,1565,237,207,95,618,Lodgepole_Pine
16717,3384,67,21,42,0,1731,236,193,78,1884,Krummholz
15995,2746,333,7,350,75,2780,205,232,166,1337,Aspen
70026,2878,209,11,1019,103,2400,212,250,173,1511,Aspen
24141,2829,184,34,67,21,2854,206,239,138,1396,Lodgepole_Pine
13411,2976,106,10,150,20,4165,238,228,120,859,Lodgepole_Pine
59247,2900,297,29,212,73,1189,126,215,223,1315,Lodgepole_Pine
2179,2928,164,26,408,177,1864,233,237,118,911,Aspen
16599,3359,287,6,794,102,931,202,240,177,2257,Spruce_Fir
39215,2823,119,16,212,58,997,246,224,101,384,Lodgepole_Pine
77223,2959,304,5,335,62,3955,205,237,171,5373,Lodgepole_Pine
36286,2913,5,9,426,43,4350,209,223,152,5607,Spruce_Fir
32835,2973,343,18,95,17,524,181,210,165,1215,Lodgepole_Pine
10355,2824,320,11,67,1,2623,191,229,178,2610,Lodgepole_Pine
62452,3445,328,20,1068,305,4302,167,212,183,2672,Spruce_Fir
18074,3421,213,34,674,-45,3581,169,247,192,2442,Spruce_Fir
1122,3197,338,29,339,134,967,145,186,172,1924,Spruce_Fir
20490,3223,323,12,721,86,2096,189,227,178,649,Spruce_Fir
41049,2942,266,13,127,19,5771,187,245,197,1384,Lodgepole_Pine
75883,3308,177,19,366,59,4624,225,247,146,2598,Spruce_Fir
25305,3149,233,2,351,37,1513,215,241,163,2343,Spruce_Fir
56249,3049,27,6,283,4,1436,217,226,145,2982,Spruce_Fir
69094,2491,114,17,108,36,914,247,220,95,782,Ponderosa_Pine
42602,3365,287,11,918,166,983,190,240,189,808,Spruce_Fir
36846,3110,156,6,553,26,256,228,241,147,1657,Lodgepole_Pine
7497,3092,16,20,404,76,4924,199,193,126,1682,Spruce_Fir
46140,3320,48,7,524,-14,1485,223,225,138,2014,Spruce_Fir
75905,3130,163,8,212,15,1230,228,242,147,1972,Spruce_Fir
60731,3577,9,18,474,165,2951,197,202,138,1529,Lodgepole_Pine
105955,2972,66,15,42,5,600,233,209,104,474,Spruce_Fir
2733,2872,75,17,365,109,1676,238,207,94,1802,Lodgepole_Pine
61761,2849,45,24,180,61,1624,218,181,85,2418,Lodgepole_Pine
20971,3197,13,8,108,14,1226,212,223,148,757,Spruce_Fir
28431,3028,160,5,285,49,4936,225,241,150,882,Lodgepole_Pine
50888,3318,66,12,42,4,2912,232,215,114,2368,Spruce_Fir
17893,2072,101,35,60,28,342,252,172,0,323,Cottonwood_Willow
106495,2840,76,4,467,78,3396,225,232,143,6175,Spruce_Fir
104999,3014,59,4,446,29,5365,223,231,143,5310,Spruce_Fir
474,2016,40,14,30,5,404,220,208,119,474,Cottonwood_Willow
94853,2663,251,28,60,26,872,148,246,228,1425,Lodgepole_Pine
32763,3064,193,10,297,-21,6015,219,249,163,2704,Lodgepole_Pine
24494,2128,2,11,0,0,858,205,219,151,603,Cottonwood_Willow
22217,3113,68,15,134,25,5113,234,209,102,1464,Spruce_Fir
2718,3202,277,4,404,31,6024,209,240,169,2081,Lodgepole_Pine
82388,3712,315,6,972,266,5426,203,235,171,3558,Krummholz
2693,2975,127,18,300,32,2524,247,225,99,2676,Lodgepole_Pine
30603,3001,4,18,268,59,499,194,202,143,1387,Lodgepole_Pine
49464,2758,326,5,30,7,2362,206,234,166,3886,Lodgepole_Pine
85875,2781,29,2,0,0,3591,218,233,152,3038,Spruce_Fir
107187,2676,22,4,361,24,872,217,230,150,1731,Lodgepole_Pine
35428,3312,143,18,541,-9,582,243,233,111,4306,Lodgepole_Pine
32034,2892,350,19,342,110,1645,181,204,158,1774,Lodgepole_Pine
16287,3207,53,5,446,-13,5507,223,229,142,2018,Spruce_Fir
30676,3309,261,18,395,80,3314,174,247,210,1321,Lodgepole_Pine
65920,3141,348,13,480,66,1777,194,217,161,2669,Spruce_Fir
63284,3259,204,13,162,-1,3653,212,252,172,1634,Lodgepole_Pine
37931,2833,280,17,60,8,2569,172,240,207,2382,Spruce_Fir
98122,2988,36,6,488,16,5425,220,226,143,6525,Spruce_Fir
8884,2187,308,21,404,176,513,157,221,203,518,Ponderosa_Pine
1073,3071,319,14,335,-49,2014,182,226,183,2256,Lodgepole_Pine
95728,2642,57,7,30,-2,1026,225,226,136,1616,Aspen
62715,2972,142,16,67,-7,845,241,235,118,1486,Lodgepole_Pine
47529,2841,29,18,95,19,3790,211,197,117,2893,Lodgepole_Pine
7329,3277,80,23,182,48,541,243,192,66,942,Lodgepole_Pine
16551,3017,356,23,270,158,816,176,192,149,3262,Lodgepole_Pine
99158,2728,171,10,150,32,1158,227,245,149,853,Lodgepole_Pine
81940,3294,64,6,192,29,6227,226,228,136,395,Spruce_Fir
109872,2123,288,10,313,78,342,193,239,186,828,Ponderosa_Pine
68973,2906,351,14,175,39,2989,195,215,158,2103,Lodgepole_Pine
20183,2904,117,7,42,7,1794,233,233,132,768,Lodgepole_Pine
28106,2895,249,31,228,124,2312,139,244,231,1505,Spruce_Fir
45153,3436,24,10,792,157,2207,215,218,139,1507,Spruce_Fir
22930,3157,19,20,577,-8,570,201,194,124,1762,Spruce_Fir
45187,3175,64,28,424,85,4971,232,171,53,3368,Spruce_Fir
56818,3273,17,24,417,99,1772,193,182,117,2101,Lodgepole_Pine
95415,3098,283,16,295,-3,3725,173,239,205,1538,Spruce_Fir
108882,2816,143,7,150,32,2989,231,239,141,2461,Lodgepole_Pine
33791,3161,295,12,566,110,2982,185,237,192,270,Spruce_Fir
49104,2820,291,26,234,137,1934,139,225,222,1236,Lodgepole_Pine
33564,3278,342,3,30,1,3879,213,235,159,3778,Krummholz
49757,3311,329,13,362,74,4972,187,223,175,3000,Spruce_Fir
82672,3566,40,26,977,351,2469,212,172,81,1445,Spruce_Fir
74924,3047,67,5,446,72,2816,226,229,138,6577,Spruce_Fir
29239,3168,85,9,270,36,3257,233,225,124,3311,Spruce_Fir
51584,2371,30,19,283,39,459,211,196,116,1218,Douglas_fir
28220,3389,237,22,376,134,3419,174,252,210,663,Spruce_Fir
100224,3228,48,7,124,14,5555,223,225,138,807,Spruce_Fir
105567,3255,137,27,845,374,1195,249,218,78,2687,Spruce_Fir
68553,3147,352,23,247,71,1080,173,193,153,1608,Lodgepole_Pine
107601,2558,309,16,270,75,417,176,228,192,811,Lodgepole_Pine
1827,2964,354,31,210,76,323,153,171,144,2118,Spruce_Fir
8187,2808,191,22,120,30,1830,213,251,161,2234,Lodgepole_Pine
54884,3114,160,7,30,0,1224,228,242,147,1999,Spruce_Fir
16073,3360,65,24,579,91,2018,234,185,70,1231,Spruce_Fir
58099,2967,106,14,277,78,3837,243,223,107,2445,Lodgepole_Pine
85574,3189,146,3,180,34,1006,224,239,150,2102,Spruce_Fir
58944,3231,331,18,67,23,1581,175,215,178,524,Spruce_Fir
26065,2947,70,21,0,0,566,237,194,78,499,Spruce_Fir
9198,3219,1,26,309,98,3778,174,181,137,3480,Krummholz
57250,2888,55,30,190,110,2155,223,163,54,1961,Lodgepole_Pine
22716,3131,242,6,180,19,1507,209,245,173,2257,Spruce_Fir
87954,2681,149,23,108,39,1637,243,232,105,1256,Lodgepole_Pine
66194,3264,330,4,255,22,5678,210,235,163,624,Spruce_Fir
81972,3020,226,19,277,100,2987,191,254,195,2053,Lodgepole_Pine
100534,2749,57,8,212,32,408,226,223,131,2594,Lodgepole_Pine
55375,3104,34,20,750,44,1549,213,193,108,2239,Spruce_Fir
14820,3031,348,10,537,-2,6423,201,223,161,3756,Lodgepole_Pine
30212,2562,18,12,42,0,972,211,215,139,1583,Lodgepole_Pine
31104,2812,351,12,376,90,1852,198,219,159,967,Aspen
30029,2687,178,23,240,-68,2840,223,246,143,1797,Lodgepole_Pine
92368,2961,90,19,256,-5,525,245,206,81,454,Ponderosa_Pine
48779,3139,96,43,182,102,3670,245,141,0,2703,Spruce_Fir
60547,3342,212,21,702,115,3937,197,254,186,2167,Spruce_Fir
22215,2800,65,20,42,10,2322,234,195,84,1907,Lodgepole_Pine
9887,2936,32,14,480,67,2234,216,208,125,1948,Lodgepole_Pine
35311,3103,43,9,108,4,2336,222,220,133,1361,Spruce_Fir
101628,2099,309,26,30,16,782,140,212,208,902,Douglas_fir
89031,3042,162,18,488,94,510,234,242,130,1733,Lodgepole_Pine
30165,3238,20,10,424,89,655,213,218,141,1812,Lodgepole_Pine
27979,3206,165,15,564,97,2737,232,244,138,3231,Lodgepole_Pine
57854,2639,348,10,192,66,1172,201,223,161,847,Lodgepole_Pine
10467,3426,222,23,693,-40,3392,185,254,197,2594,Spruce_Fir
29536,3369,24,18,474,130,3284,207,197,121,2051,Krummholz
43481,2661,133,22,242,61,1165,249,223,90,2357,Lodgepole_Pine
19576,2647,55,12,376,18,3157,227,215,119,2958,Spruce_Fir
33469,2915,220,8,488,35,3666,211,248,174,3995,Douglas_fir
36198,3065,29,11,1245,267,3018,216,216,134,1114,Lodgepole_Pine
48462,3357,337,19,458,15,5135,176,211,173,3181,Krummholz
18745,3233,44,18,228,51,4198,221,197,104,2023,Spruce_Fir
30011,2836,67,12,150,15,2932,232,216,115,4266,Krummholz
43774,2714,9,15,175,-76,175,202,209,142,134,Spruce_Fir
42426,2916,27,23,376,103,2790,204,183,106,1681,Lodgepole_Pine
79763,3041,116,10,690,155,5867,238,230,122,5318,Lodgepole_Pine
75371,3423,83,30,649,138,2053,245,172,34,1657,Spruce_Fir
69917,2911,211,22,90,-7,1575,196,254,185,2505,Lodgepole_Pine
22618,2555,98,9,402,190,778,235,228,124,853,Lodgepole_Pine
1319,2832,12,17,190,45,2101,201,204,137,2521,Lodgepole_Pine
27477,2865,295,25,382,75,2240,141,224,219,474,Lodgepole_Pine
90473,2257,67,40,331,-32,579,225,131,0,532,Ponderosa_Pine
22976,2860,46,16,382,-67,516,223,202,108,2021,Spruce_Fir
105668,3101,103,16,258,72,2484,245,217,96,3270,Spruce_Fir
106992,3240,104,12,499,108,789,241,224,111,5530,Spruce_Fir
106715,3116,301,7,42,-2,474,201,237,176,2105,Spruce_Fir
19258,2375,23,4,474,217,1406,218,231,151,685,Ponderosa_Pine
96307,2893,85,21,134,30,4289,245,199,74,3483,Lodgepole_Pine
40099,2897,9,17,67,12,741,198,203,139,1948,Spruce_Fir
35116,2134,110,9,0,0,955,236,230,126,607,Cottonwood_Willow
13508,3098,178,25,0,0,2918,222,245,141,1338,Lodgepole_Pine
36466,2997,86,14,42,6,228,239,216,105,1366,Lodgepole_Pine
85122,3206,288,5,626,22,1072,207,239,171,2073,Lodgepole_Pine
14283,2984,317,21,351,130,5249,160,217,194,642,Lodgepole_Pine
5432,3022,202,7,212,-35,2177,217,246,165,990,Lodgepole_Pine
19997,2913,173,17,210,58,511,228,246,143,1040,Aspen
102785,3036,28,17,351,13,162,211,202,123,1158,Lodgepole_Pine
22085,2985,167,6,497,118,5750,225,242,151,4243,Lodgepole_Pine
18328,2587,66,5,150,2,618,225,230,141,5622,Lodgepole_Pine
92886,3148,70,11,218,15,5437,232,218,117,1900,Spruce_Fir
5213,3419,207,8,379,24,2787,215,248,168,1894,Spruce_Fir
29928,3253,342,19,95,34,2910,179,209,167,2590,Spruce_Fir
47939,3333,253,15,67,11,2030,184,249,202,2030,Lodgepole_Pine
93932,3274,49,21,480,23,806,224,189,90,2553,Spruce_Fir
48811,3243,63,3,201,19,2601,222,233,146,2704,Krummholz
19810,3210,311,18,541,125,3173,169,225,195,1773,Spruce_Fir
24045,2895,204,24,60,24,1176,199,253,178,541,Lodgepole_Pine
104964,3198,332,8,573,23,3940,201,230,168,4147,Spruce_Fir
53409,2995,65,16,335,33,3154,233,207,101,6441,Spruce_Fir
90622,3290,135,11,934,174,2403,238,235,126,2316,Spruce_Fir
76304,2872,338,22,247,59,2881,168,204,172,1824,Lodgepole_Pine
13884,2802,54,18,30,7,4000,228,197,96,1187,Lodgepole_Pine
4798,3141,202,10,390,62,162,216,249,168,1844,Lodgepole_Pine
105250,3178,284,4,192,5,5008,209,240,169,2601,Spruce_Fir
61481,3264,142,16,390,8,1018,241,235,117,2755,Spruce_Fir
17574,2745,113,32,120,48,1146,254,189,36,1208,Lodgepole_Pine
85141,2977,30,9,534,3,2244,218,220,138,2791,Spruce_Fir
45924,3194,61,34,485,81,845,225,151,0,1742,Spruce_Fir
33152,3332,48,18,170,15,2220,224,198,102,1891,Spruce_Fir
9343,1951,347,32,240,100,210,143,170,154,812,Douglas_fir
47622,3361,81,6,400,39,1176,228,230,136,2512,Krummholz
109429,2976,275,5,836,177,1044,206,241,174,2308,Lodgepole_Pine
94679,1993,62,36,85,62,108,223,141,19,511,Ponderosa_Pine
108389,3028,47,15,655,147,1606,224,205,111,2989,Lodgepole_Pine
42961,2287,348,16,42,8,573,187,211,161,778,Ponderosa_Pine
48159,2954,355,10,553,182,638,203,222,157,1364,Spruce_Fir
5905,3165,221,17,90,8,1831,198,254,188,4262,Spruce_Fir
53285,2353,103,36,255,146,1601,252,170,13,182,Ponderosa_Pine
70844,2834,84,11,390,99,1206,236,221,115,2766,Lodgepole_Pine
5076,3178,150,17,573,114,5750,239,237,122,1350,Spruce_Fir
39494,3260,113,29,30,0,5991,254,195,0,663,Spruce_Fir
26034,2906,135,2,576,93,3671,222,238,151,3137,Lodgepole_Pine
36629,2658,122,14,60,-2,924,243,228,110,1987,Lodgepole_Pine
6272,3021,99,10,240,39,6125,236,227,121,3491,Lodgepole_Pine
99879,2822,267,21,384,127,966,163,243,217,1889,Aspen
63048,2532,351,8,408,159,957,206,227,159,1366,Ponderosa_Pine
91508,3150,3,13,268,40,2907,202,215,149,785,Spruce_Fir
22949,3087,120,5,60,6,1436,229,235,140,2942,Spruce_Fir
92865,2956,234,6,841,108,2843,210,246,173,1592,Lodgepole_Pine
107925,2686,71,16,67,8,2723,236,208,99,962,Lodgepole_Pine
6940,2928,326,7,313,72,2986,203,232,168,2356,Lodgepole_Pine
108758,2873,67,14,300,-3,480,233,211,107,1774,Lodgepole_Pine
54535,2779,116,26,30,12,443,253,205,62,1087,Lodgepole_Pine
24948,2607,156,12,201,72,1243,234,241,136,1277,Ponderosa_Pine
3281,3489,340,17,319,107,3620,183,214,169,1722,Spruce_Fir
31702,3338,357,18,674,135,2192,189,205,151,765,Krummholz
29715,3079,262,22,0,0,1714,160,245,220,537,Spruce_Fir
8454,2726,349,24,268,110,1544,169,193,157,1201,Lodgepole_Pine
107408,2986,350,11,524,83,3150,200,221,160,1464,Lodgepole_Pine
27250,3175,53,5,1233,306,2991,223,229,142,2083,Lodgepole_Pine
10849,3199,117,6,190,8,5520,231,234,136,3108,Lodgepole_Pine
40762,3038,52,24,446,32,577,224,181,78,1589,Spruce_Fir
14893,3097,102,20,95,22,2776,249,210,81,3830,Spruce_Fir
76750,2840,20,6,42,6,566,216,228,149,566,Lodgepole_Pine
45429,2881,137,30,170,57,939,249,214,70,1146,Lodgepole_Pine
2991,2959,336,3,408,115,1398,213,235,160,2537,Lodgepole_Pine
532,3138,50,7,95,-1,5340,224,224,135,2240,Spruce_Fir
56208,3010,14,26,150,58,4902,187,178,118,3958,Spruce_Fir
23459,3302,149,22,499,137,1680,243,232,106,1385,Spruce_Fir
4221,2902,128,13,212,53,2643,242,231,116,2032,Lodgepole_Pine
53787,2752,335,8,60,9,1027,202,230,166,2142,Lodgepole_Pine
71279,2240,297,30,277,153,853,123,215,225,964,Douglas_fir
49240,3188,128,18,90,6,2681,247,225,99,2908,Spruce_Fir
33981,2989,104,15,216,33,4179,244,220,101,794,Lodgepole_Pine
47490,3044,293,5,660,79,5569,205,239,173,6175,Lodgepole_Pine
14935,2706,93,29,95,54,120,250,181,38,1142,Aspen
